11 0.3078125 0.69765625 0.615625 0.6046875
11 0.35078125 0.35703125 0.4796875 0.453125
11 0.5421875 0.20390625 0.34375 0.3421875
11 0.8578125 0.2984375 0.284375 0.375
11 0.63515625 0.425 0.3484375 0.3625
11 0.6703125 0.728125 0.2609375 0.3
11 0.8140625 0.63359375 0.253125 0.24375
11 0.90703125 0.521875 0.1859375 0.18125
11 0.928125 0.709375 0.1234375 0.228125
11 0.8 0.86015625 0.33125 0.2453125
11 0.8515625 0.98359375 0.16875 0.0328125
11 0.6859375 0.98984375 0.334375 0.0203125
11 0.0828125 0.36015625 0.165625 0.4078125