12 0.70078125 0.10078125 0.4671875 0.2015625
12 0.84296875 0.23203125 0.259375 0.2421875
12 0.48671875 0.30625 0.6046875 0.3515625
12 0.27265625 0.1671875 0.5453125 0.334375
12 0.80859375 0.38046875 0.3171875 0.18125
12 0.925 0.42890625 0.15 0.1390625
12 0.60078125 0.54765625 0.3046875 0.184375
12 0.86875 0.54296875 0.2625 0.1828125
12 0.69375 0.66875 0.365625 0.221875
12 0.41875 0.69296875 0.35 0.209375
12 0.5234375 0.4625 0.234375 0.128125
12 0.3203125 0.4703125 0.2515625 0.1296875
12 0.315625 0.56328125 0.3375 0.1859375
12 0.196875 0.6640625 0.2453125 0.1390625
12 0.11484375 0.34921875 0.2296875 0.1828125
12 0.1875 0.43359375 0.28125 0.14375
12 0.14296875 0.5171875 0.2515625 0.1203125
12 0.05234375 0.47109375 0.1046875 0.1046875
12 0.09375 0.6046875 0.1765625 0.1203125
12 0.109375 0.74140625 0.175 0.215625
12 0.1734375 0.84921875 0.2453125 0.165625
12 0.36953125 0.92890625 0.3109375 0.1421875
12 0.7171875 0.81171875 0.3046875 0.1671875
12 0.9453125 0.63671875 0.109375 0.1328125