21 0.0484375 0.125 0.096875 0.209375
21 0.18125 0.06015625 0.2484375 0.1
21 0.459375 0.10859375 0.25 0.2171875
21 0.8546875 0.12109375 0.259375 0.2421875
21 0.71171875 0.24765625 0.2921875 0.4015625
21 0.9515625 0.271875 0.0953125 0.3859375
21 0.1984375 0.3203125 0.2984375 0.315625
21 0.01953125 0.37890625 0.0390625 0.2796875
21 0.11484375 0.63828125 0.2296875 0.4015625
21 0.33125 0.63203125 0.271875 0.3203125
21 0.20703125 0.85546875 0.3328125 0.284375
21 0.5890625 0.89921875 0.2796875 0.1609375
21 0.8609375 0.84765625 0.278125 0.2015625
21 0.7046875 0.625 0.3328125 0.33125
21 0.93828125 0.6421875 0.1234375 0.371875