23 0.28359375 0.74375 0.1765625 0.13125
23 0.1515625 0.7203125 0.19609375 0.178125
23 0.46328125 0.75078125 0.10546875 0.234375
23 0.540625 0.7328125 0.13515625 0.14921875
23 0.709375 0.69921875 0.19609375 0.1453125
23 0.21171875 0.453125 0.0765625 0.19375
23 0.25 0.54453125 0.06953125 0.2
23 0.334375 0.571875 0.08671875 0.2203125
23 0.43359375 0.54140625 0.090625 0.2328125
23 0.5140625 0.57890625 0.15078125 0.14609375
23 0.409375 0.18671875 0.184375 0.18125
23 0.3859375 0.37890625 0.1453125 0.1546875
23 0.66875 0.2796875 0.1375 0.16875
23 0.62109375 0.33984375 0.115625 0.10390625
23 0.56953125 0.44296875 0.11875 0.16796875
23 0.7078125 0.35546875 0.08359375 0.1546875
23 0.765625 0.4328125 0.0921875 0.1375