23 0.7390625 0.72890625 0.159375 0.2046875
23 0.70234375 0.87265625 0.2125 0.2296875
23 0.7609375 0.53046875 0.2703125 0.134375
23 0.746875 0.44453125 0.175 0.1609375
23 0.7234375 0.25546875 0.1765625 0.228125
23 0.41015625 0.7859375 0.2203125 0.0984375
23 0.515625 0.75 0.2265625 0.0921875
23 0.55234375 0.659375 0.2515625 0.1140625
23 0.5265625 0.54765625 0.265625 0.1171875
23 0.57421875 0.46171875 0.1734375 0.178125
23 0.1296875 0.546875 0.2171875 0.21875
23 0.34140625 0.5875 0.1828125 0.171875
23 0.25234375 0.2671875 0.1984375 0.165625
23 0.315625 0.325 0.125 0.1359375
23 0.4265625 0.38984375 0.196875 0.14375
23 0.33984375 0.23046875 0.178125 0.1046875
23 0.43046875 0.17265625 0.159375 0.1125