11 0.53125 0.47890625 0.4 0.3234375
11 0.26796875 0.27109375 0.378125 0.29375
11 0.49609375 0.20234375 0.33125 0.2375
11 0.58828125 0.3109375 0.36875 0.2625
11 0.77421875 0.47421875 0.253125 0.253125
11 0.66796875 0.653125 0.228125 0.2453125
11 0.43046875 0.72109375 0.453125 0.3046875
11 0.23359375 0.51796875 0.3484375 0.3578125
7 0.53359375 0.93984375 0.1890625 0.1203125
7 0.38203125 0.93203125 0.1984375 0.1359375
7 0.13515625 0.97265625 0.1640625 0.0546875
21 0.8640625 0.6421875 0.271875 0.415625
21 0.928125 0.7484375 0.14375 0.3375