14 0.26796875 0.5359375 0.3171875 0.43671875
14 0.52890625 0.6 0.38828125 0.28515625
14 0.3625 0.2984375 0.3515625 0.29609375
14 0.63359375 0.2375 0.44140625 0.3546875
0 0.0625 0.353125 0.05390625 0.0828125
0 0.0953125 0.759375 0.084375 0.0953125
0 0.76015625 0.8765625 0.0828125 0.16484375
0 0.74140625 0.24609375 0.13046875 0.13125
0 0.56875 0.30703125 0.175 0.175
0 0.6375 0.4984375 0.0765625 0.075
0 0.378125 0.5421875 0.075 0.0796875
0 0.2765625 0.33515625 0.06953125 0.071875
0 0.62421875 0.08359375 0.06484375 0.075