12 0.41640625 0.5125 0.6109375 0.4609375
12 0.2484375 0.3640625 0.196875 0.18125
12 0.74765625 0.27578125 0.3109375 0.1859375
12 0.82421875 0.69921875 0.3296875 0.24375
12 0.8703125 0.8359375 0.2109375 0.1859375
12 0.9453125 0.290625 0.109375 0.16875
12 0.703125 0.11015625 0.2515625 0.165625
12 0.509375 0.23515625 0.2625 0.190625
12 0.47421875 0.08828125 0.2546875 0.1765625
12 0.303125 0.21171875 0.2328125 0.165625
12 0.27578125 0.06796875 0.1984375 0.1359375
12 0.1296875 0.1875 0.234375 0.375
12 0.07265625 0.4609375 0.1453125 0.153125
12 0.0796875 0.61484375 0.159375 0.1359375
12 0.07109375 0.72734375 0.1421875 0.1578125
12 0.0984375 0.85625 0.196875 0.1625
12 0.2125 0.7375 0.221875 0.1828125
12 0.4203125 0.78125 0.2703125 0.1796875
12 0.27734375 0.91640625 0.3171875 0.15625
12 0.540625 0.93515625 0.2375 0.1296875
12 0.6828125 0.81640625 0.278125 0.196875
12 0.78359375 0.94609375 0.2984375 0.1078125