27 0.58046875 0.2421875 0.26875 0.203125
27 0.575 0.35 0.25625 0.1859375
27 0.4953125 0.5421875 0.2703125 0.2359375
27 0.7796875 0.390625 0.2625 0.2015625
27 0.796875 0.2453125 0.2734375 0.203125
27 0.80546875 0.12578125 0.2921875 0.190625
27 0.7078125 0.09921875 0.203125 0.1625
27 0.62109375 0.16640625 0.23125 0.125
27 0.55703125 0.90546875 0.2265625 0.1890625
27 0.65625 0.95625 0.234375 0.0875
27 0.665625 0.815625 0.2625 0.2015625
27 0.74921875 0.646875 0.2578125 0.2171875
27 0.759375 0.525 0.2375 0.1765625
27 0.46171875 0.79453125 0.2609375 0.225
27 0.55234375 0.64453125 0.2671875 0.2296875
27 0.55078125 0.4609375 0.2375 0.13125