27 0.23984375 0.84296875 0.3703125 0.2484375
27 0.234375 0.7328125 0.465625 0.5046875
27 0.19921875 0.24296875 0.2125 0.2125
27 0.1515625 0.40546875 0.246875 0.2421875
27 0.05546875 0.3 0.1109375 0.25
27 0.40234375 0.621875 0.5015625 0.5515625
27 0.72890625 0.64296875 0.265625 0.26875
27 0.61796875 0.86875 0.3140625 0.2625
27 0.7859375 0.82421875 0.290625 0.2875
27 0.46171875 0.1296875 0.3890625 0.259375
27 0.51484375 0.3109375 0.4015625 0.3
27 0.696875 0.18203125 0.2984375 0.2703125
27 0.72890625 0.38046875 0.33125 0.24375
27 0.8421875 0.5015625 0.315625 0.259375
27 0.86875 0.28046875 0.2203125 0.2234375