14 0.45703125 0.275 0.49375 0.3640625
14 0.37578125 0.56015625 0.328125 0.4359375
14 0.71484375 0.38828125 0.3390625 0.396875
14 0.771875 0.6875 0.4078125 0.4984375
0 0.66640625 0.05703125 0.0921875 0.0625
0 0.21796875 0.07734375 0.109375 0.096875
0 0.078125 0.79921875 0.15625 0.0953125
0 0.75859375 0.80625 0.1484375 0.1484375
0 0.69765625 0.61484375 0.2 0.1984375
0 0.48359375 0.68203125 0.084375 0.0875
0 0.4453125 0.3953125 0.090625 0.084375
0 0.67734375 0.29296875 0.0828125 0.078125
0 0.94140625 0.68359375 0.084375 0.075