11 0.90078125 0.1734375 0.196875 0.278125
11 0.6765625 0.25546875 0.3625 0.275
11 0.87265625 0.43828125 0.2546875 0.2234375
11 0.87734375 0.6546875 0.24375 0.23125
11 0.8828125 0.853125 0.234375 0.29375
11 0.7328125 0.540625 0.3453125 0.2890625
11 0.69296875 0.7953125 0.2859375 0.225
11 0.76640625 0.0640625 0.3015625 0.128125
11 0.52578125 0.03515625 0.1875 0.0703125
11 0.49375 0.1359375 0.134375 0.175
11 0.31171875 0.29453125 0.403125 0.2375
11 0.4609375 0.53515625 0.25 0.321875
11 0.4828125 0.90390625 0.31875 0.1921875
11 0.390625 0.778125 0.334375 0.2609375
11 0.26171875 0.59921875 0.35625 0.3453125
11 0.23203125 0.0859375 0.4625 0.171875
11 0.1203125 0.40390625 0.240625 0.2921875
11 0.0625 0.6734375 0.125 0.2296875
11 0.17734375 0.89453125 0.28125 0.2109375