11 0.4234375 0.34609375 0.253125 0.19375
11 0.3109375 0.48125 0.35 0.1984375
11 0.4890625 0.2453125 0.465625 0.265625
11 0.77109375 0.31328125 0.3484375 0.2484375
11 0.825 0.5015625 0.334375 0.2328125
11 0.59375 0.4578125 0.2265625 0.2109375
11 0.63671875 0.64765625 0.4015625 0.2328125
11 0.4671875 0.81640625 0.303125 0.221875
11 0.2109375 0.90390625 0.3484375 0.1796875
11 0.31953125 0.65625 0.315625 0.2484375
11 0.16640625 0.28515625 0.325 0.3
11 0.11640625 0.56953125 0.2328125 0.2734375
11 0.15078125 0.78359375 0.3015625 0.2671875