16 0.15390625 0.10546875 0.290625 0.20078125
16 0.89765625 0.31171875 0.184375 0.15703125
16 0.3875 0.4859375 0.26484375 0.16640625
16 0.5984375 0.67265625 0.32109375 0.27734375
16 0.25 0.359375 0.365625 0.24140625
17 0.5265625 0.2765625 0.2515625 0.2453125
28 0.88828125 0.57265625 0.2234375 0.26328125
28 0.91171875 0.85546875 0.1765625 0.2890625
15 0.41171875 0.884375 0.234375 0.190625
19 0.68828125 0.91015625 0.25390625 0.17890625
19 0.1140625 0.7015625 0.22734375 0.1484375
28 0.12421875 0.88984375 0.2484375 0.2109375