16 0.875 0.14140625 0.21875 0.2828125
16 0.70625 0.8953125 0.1671875 0.1953125
16 0.50390625 0.38828125 0.1828125 0.2765625
16 0.32734375 0.61171875 0.296875 0.3390625
16 0.62421875 0.2421875 0.2625 0.3828125
17 0.72265625 0.5171875 0.259375 0.2671875
28 0.44609375 0.88671875 0.2765625 0.2265625
28 0.1640625 0.91953125 0.29375 0.1609375
15 0.10390625 0.4328125 0.20625 0.246875
19 0.0984375 0.71171875 0.1890625 0.265625
19 0.275 0.1234375 0.159375 0.2328125
28 0.096875 0.14453125 0.19375 0.2578125