12 0.22109375 0.08671875 0.2796875 0.1734375
12 0.2171875 0.43203125 0.2875 0.309375
12 0.1328125 0.759375 0.265625 0.278125
12 0.43125 0.76875 0.3078125 0.2890625
12 0.5328125 0.51640625 0.234375 0.2453125
12 0.6046875 0.29453125 0.16875 0.209375
12 0.796875 0.33359375 0.134375 0.1640625
12 0.7859375 0.51015625 0.1734375 0.1890625
12 0.75703125 0.72109375 0.225 0.2375
12 0.65078125 0.89609375 0.2234375 0.2078125
12 0.82578125 0.8953125 0.1890625 0.19375
12 0.36328125 0.9328125 0.2421875 0.134375
12 0.12421875 0.921875 0.2484375 0.08125