12 0.1734375 0.121875 0.2359375 0.2125
12 0.23046875 0.48671875 0.23203125 0.25859375
12 0.20625 0.81015625 0.2171875 0.23125
12 0.48671875 0.76796875 0.25546875 0.2359375
12 0.53984375 0.5140625 0.1890625 0.2046875
12 0.5703125 0.29453125 0.13203125 0.18046875
12 0.7578125 0.2984375 0.10546875 0.13984375
12 0.7765625 0.46640625 0.1390625 0.1578125
12 0.78359375 0.6703125 0.1828125 0.1984375
12 0.715625 0.86484375 0.18125 0.19453125
12 0.87734375 0.821875 0.153125 0.16015625
12 0.45234375 0.94375 0.2171875 0.1125
12 0.21953125 0.97265625 0.2453125 0.0546875