24 0.2265625 0.20625 0.453125 0.371875
24 0.51796875 0.11171875 0.2015625 0.2234375
24 0.55703125 0.3390625 0.1765625 0.184375
24 0.55703125 0.5484375 0.259375 0.3203125
24 0.2640625 0.6890625 0.2859375 0.2109375
24 0.15859375 0.453125 0.2625 0.1625
24 0.784375 0.3765625 0.184375 0.3453125
24 0.7640625 0.1515625 0.315625 0.303125
24 0.36640625 0.3359375 0.25625 0.1546875
24 0.02265625 0.46015625 0.0453125 0.1328125
24 0.059375 0.61484375 0.1140625 0.1546875
24 0.71640625 0.5515625 0.165625 0.153125