2 0.14375 0.8734375 0.2875 0.221875
2 0.16015625 0.6375 0.3203125 0.3625
2 0.175 0.3515625 0.35 0.328125
2 0.1953125 0.1171875 0.353125 0.234375
2 0.44453125 0.94765625 0.3421875 0.1046875
2 0.4203125 0.7921875 0.428125 0.290625
2 0.41953125 0.51796875 0.4765625 0.309375
2 0.46640625 0.2359375 0.4390625 0.33125
2 0.5015625 0.0578125 0.4375 0.115625
2 0.7703125 0.909375 0.4125 0.18125
2 0.7609375 0.69140625 0.4734375 0.3375
2 0.7828125 0.4140625 0.434375 0.328125
2 0.82421875 0.1546875 0.3515625 0.2875