12 0.07890625 0.23203125 0.1546875 0.4640625
12 0.09140625 0.65859375 0.1828125 0.3390625
12 0.24296875 0.72109375 0.3359375 0.5328125
12 0.19296875 0.33359375 0.1703125 0.309375
12 0.4078125 0.12734375 0.1421875 0.2078125
12 0.33828125 0.2421875 0.128125 0.1734375
12 0.39921875 0.396875 0.1953125 0.290625
12 0.54375 0.58046875 0.1390625 0.2046875
12 0.62265625 0.1203125 0.165625 0.2328125
12 0.63828125 0.3640625 0.190625 0.3265625
12 0.72734375 0.121875 0.1296875 0.2109375
12 0.83359375 0.19375 0.1265625 0.1859375
12 0.80078125 0.36171875 0.190625 0.2109375