24 0.753125 0.47109375 0.4234375 0.4546875
24 0.209375 0.6515625 0.3828125 0.446875
24 0.13515625 0.21328125 0.228125 0.23125
24 0.38359375 0.03125 0.2328125 0.0625
24 0.3140625 0.134375 0.1109375 0.0765625
24 0.42265625 0.70703125 0.159375 0.175
24 0.6109375 0.92109375 0.271875 0.1578125
24 0.421875 0.80234375 0.0765625 0.0703125
24 0.9234375 0.8921875 0.140625 0.215625
24 0.1125 0.94296875 0.225 0.1046875
24 0.52890625 0.13984375 0.1984375 0.1390625
24 0.678125 0.0875 0.2390625 0.1734375
24 0.49140625 0.48046875 0.1328125 0.2578125
24 0.23046875 0.37578125 0.1171875 0.1140625
24 0.1203125 0.37421875 0.0625 0.0796875
24 0.015625 0.57734375 0.03125 0.2578125
24 0.340625 0.87421875 0.0640625 0.075
24 0.91484375 0.678125 0.0609375 0.0796875
24 0.9875 0.2796875 0.025 0.06875
24 0.52578125 0.28515625 0.0984375 0.0953125