12 0.06328125 0.76015625 0.096875 0.146875
12 0.090625 0.621875 0.175 0.1609375
12 0.20703125 0.69453125 0.1625 0.140625
12 0.31328125 0.5875 0.253125 0.20625
12 0.25546875 0.425 0.21875 0.203125
12 0.43671875 0.36640625 0.278125 0.21875
12 0.58984375 0.40703125 0.2609375 0.2359375
12 0.70859375 0.54296875 0.1359375 0.1109375
12 0.8765625 0.45234375 0.246875 0.2109375
12 0.75546875 0.38515625 0.1890625 0.15625
12 0.8234375 0.30625 0.1453125 0.14375
12 0.67890625 0.253125 0.221875 0.16875
12 0.0203125 0.23046875 0.040625 0.1015625
12 0.14453125 0.184375 0.121875 0.096875
12 0.07109375 0.13359375 0.0921875 0.096875
12 0.22421875 0.14140625 0.1515625 0.109375