25 0.16640625 0.28046875 0.2515625 0.4109375
25 0.43125 0.86484375 0.4 0.2703125
25 0.15234375 0.82109375 0.3046875 0.3484375
25 0.27578125 0.6890625 0.16875 0.1859375
25 0.12109375 0.5390625 0.1734375 0.25625
25 0.8984375 0.87265625 0.19375 0.2546875
25 0.45859375 0.5984375 0.209375 0.3375
25 0.50625 0.0765625 0.9875 0.153125
25 0.41875 0.24765625 0.1203125 0.1609375
25 0.50859375 0.25859375 0.0921875 0.1171875
25 0.49453125 0.3875 0.10625 0.2046875
25 0.6609375 0.46328125 0.1484375 0.28125
25 0.7265625 0.55234375 0.1453125 0.2375
25 0.778125 0.3671875 0.103125 0.175
25 0.728125 0.309375 0.084375 0.1484375
25 0.81484375 0.22890625 0.1 0.1328125
25 0.6453125 0.1796875 0.1546875 0.09375