24 0.47578125 0.8125 0.3828125 0.2078125
24 0.5984375 0.15390625 0.421875 0.2015625
24 0.571875 0.68125 0.1453125 0.1359375
24 0.55625 0.6140625 0.084375 0.0828125
24 0.63359375 0.765625 0.096875 0.096875
24 0.64140625 0.62265625 0.0484375 0.059375
24 0.6046875 0.48828125 0.0859375 0.0859375
24 0.7609375 0.63359375 0.1140625 0.0734375
24 0.80546875 0.5765625 0.078125 0.0625
24 0.77421875 0.45390625 0.0765625 0.1015625
24 0.6890625 0.321875 0.09375 0.084375
24 0.66640625 0.49921875 0.2171875 0.3671875