2 0.33671875 0.63203125 0.3359375 0.534375
2 0.35546875 0.9453125 0.234375 0.109375
2 0.5421875 0.76796875 0.1875 0.35
2 0.5671875 0.9578125 0.10625 0.084375
2 0.5921875 0.41484375 0.265625 0.4546875
2 0.78984375 0.7953125 0.2546875 0.390625
2 0.88515625 0.45078125 0.2296875 0.4515625
2 0.73359375 0.2296875 0.1578125 0.2734375
2 0.325 0.215625 0.2671875 0.3859375
2 0.51875 0.153125 0.253125 0.30625
2 0.07421875 0.20078125 0.1453125 0.4015625
2 0.12734375 0.53671875 0.1921875 0.3
2 0.2578125 0.06953125 0.15 0.1390625