9 0.52890625 0.33046875 0.35625 0.39375
9 0.52265625 0.75546875 0.1890625 0.2546875
9 0.8359375 0.73984375 0.1234375 0.1953125
9 0.93046875 0.70703125 0.1015625 0.1640625
9 0.89921875 0.8421875 0.1078125 0.1921875
9 0.37890625 0.6328125 0.271875 0.3375
9 0.5640625 0.61015625 0.2640625 0.3703125
9 0.72890625 0.6140625 0.2078125 0.2328125
9 0.7578125 0.41171875 0.3171875 0.3265625
9 0.63671875 0.24140625 0.2109375 0.25
9 0.7296875 0.2859375 0.1515625 0.2171875
9 0.3640625 0.3015625 0.2078125 0.253125
9 0.24375 0.371875 0.1578125 0.1578125
9 0.3359375 0.509375 0.3203125 0.340625