23 0.41015625 0.84453125 0.2703125 0.3109375
23 0.29296875 0.55546875 0.3796875 0.7609375
23 0.19921875 0.2890625 0.30625 0.475
23 0.5609375 0.93125 0.18125 0.1375
23 0.67578125 0.90234375 0.1703125 0.1625
23 0.79453125 0.884375 0.128125 0.128125
23 0.8921875 0.715625 0.215625 0.396875
23 0.71015625 0.74609375 0.55625 0.4265625
23 0.45 0.3890625 0.5375 0.778125
23 0.72109375 0.49609375 0.5203125 0.4484375
23 0.6703125 0.2328125 0.5 0.421875
23 0.503125 0.22109375 0.4703125 0.4171875
23 0.41484375 0.090625 0.3203125 0.18125
23 0.69140625 0.05703125 0.3046875 0.1140625