23 0.5140625 0.2703125 0.3171875 0.1890625
23 0.25234375 0.39609375 0.19375 0.1
23 0.35703125 0.43671875 0.4078125 0.184375
23 0.32578125 0.57890625 0.209375 0.13125
23 0.5015625 0.53203125 0.321875 0.23125
23 0.49765625 0.74296875 0.209375 0.159375
23 0.61875 0.85078125 0.2046875 0.159375
23 0.64765625 0.44609375 0.253125 0.16875
23 0.72890625 0.51171875 0.30625 0.178125
23 0.8296875 0.7046875 0.2265625 0.1421875
23 0.88046875 0.61484375 0.2390625 0.1609375
23 0.871875 0.54375 0.2359375 0.1625
23 0.75390625 0.34296875 0.2390625 0.1734375