21 0.66875 0.28671875 0.6625 0.4296875
21 0.5375 0.2328125 0.79375 0.465625
21 0.5859375 0.3796875 0.75 0.378125
21 0.78125 0.471875 0.4375 0.296875
21 0.69375 0.56171875 0.6125 0.3234375
21 0.73515625 0.66953125 0.4875 0.271875
21 0.60234375 0.7515625 0.6875 0.2765625
21 0.56015625 0.83671875 0.7359375 0.3265625
21 0.49609375 0.89140625 0.7328125 0.2171875
21 0.190625 0.88046875 0.38125 0.2015625
21 0.1515625 0.6640625 0.303125 0.340625
21 0.1765625 0.5140625 0.353125 0.24375
21 0.14609375 0.30625 0.271875 0.29375