12 0.19296875 0.0828125 0.2296875 0.165625
12 0.16484375 0.43515625 0.2453125 0.34375
12 0.25234375 0.7671875 0.3453125 0.43125
12 0.6078125 0.15703125 0.2046875 0.271875
12 0.5234375 0.425 0.190625 0.2375
12 0.48046875 0.66640625 0.1859375 0.25625
12 0.4578125 0.87109375 0.18125 0.21875
12 0.61171875 0.446875 0.1125 0.178125
12 0.60390625 0.60859375 0.128125 0.1390625
12 0.64375 0.7734375 0.1296875 0.1625
12 0.76953125 0.5484375 0.1484375 0.2203125
12 0.75625 0.65625 0.103125 0.125
12 0.7953125 0.76640625 0.1484375 0.153125
12 0.85234375 0.528125 0.121875 0.196875
12 0.865625 0.640625 0.1375 0.134375
12 0.88671875 0.7609375 0.096875 0.1390625
12 0.9359375 0.6484375 0.1234375 0.2125