17 0.23203125 0.059375 0.2578125 0.11875
17 0.42421875 0.0765625 0.2203125 0.153125
17 0.61640625 0.09296875 0.2765625 0.1859375
17 0.8421875 0.21015625 0.290625 0.3140625
17 0.903125 0.3703125 0.19375 0.35625
17 0.68359375 0.1984375 0.246875 0.3046875
17 0.76796875 0.37421875 0.278125 0.3390625
17 0.49609375 0.20546875 0.30625 0.390625
17 0.29609375 0.1890625 0.265625 0.3265625
17 0.13203125 0.225 0.2546875 0.45
17 0.08359375 0.64140625 0.1671875 0.4703125
17 0.16015625 0.4734375 0.3078125 0.4125
17 0.33671875 0.41015625 0.2546875 0.3453125
17 0.50859375 0.43828125 0.240625 0.296875
17 0.671875 0.55546875 0.2703125 0.3296875
17 0.86328125 0.6015625 0.2734375 0.34375
17 0.8390625 0.828125 0.25 0.34375
17 0.63359375 0.8015625 0.3859375 0.396875
17 0.26484375 0.73125 0.3984375 0.4921875
17 0.44921875 0.81875 0.2484375 0.3296875
17 0.1296875 0.8546875 0.259375 0.18125
17 0.3625 0.9234375 0.25 0.153125
17 0.72734375 0.96640625 0.2484375 0.0671875