11 0.21796875 0.8765625 0.3484375 0.246875
11 0.13203125 0.72421875 0.2484375 0.259375
11 0.5828125 0.85234375 0.3375 0.2953125
11 0.6046875 0.5703125 0.3796875 0.3546875
11 0.8125 0.64921875 0.375 0.2484375
11 0.85078125 0.41953125 0.2984375 0.2328125
11 0.56328125 0.4109375 0.2875 0.2421875
11 0.2125 0.50390625 0.334375 0.2109375
11 0.3875 0.61328125 0.2515625 0.253125
11 0.2234375 0.33359375 0.2625 0.2265625
11 0.38671875 0.284375 0.25 0.2140625
11 0.30234375 0.17578125 0.2359375 0.1921875
11 0.6203125 0.26328125 0.471875 0.2421875
11 0.88359375 0.203125 0.2078125 0.29375
11 0.73671875 0.10546875 0.4734375 0.2109375
11 0.4390625 0.10234375 0.265625 0.2046875