17 0.16328125 0.10703125 0.20546875 0.2140625
17 0.346875 0.1 0.16953125 0.2
17 0.528125 0.08671875 0.23125 0.1734375
17 0.76015625 0.14375 0.21484375 0.2875
17 0.8984375 0.28828125 0.19921875 0.2921875
17 0.6140625 0.19140625 0.17109375 0.24765625
17 0.73203125 0.32890625 0.1953125 0.27421875
17 0.44765625 0.2421875 0.21015625 0.31953125
17 0.2640625 0.2765625 0.184375 0.2640625
17 0.096875 0.3453125 0.19375 0.4046875
17 0.10625 0.75078125 0.21015625 0.409375
17 0.21015625 0.5640625 0.2046875 0.34296875
17 0.353125 0.46484375 0.16796875 0.28828125
17 0.51484375 0.4484375 0.1671875 0.240625
17 0.68984375 0.51484375 0.18828125 0.2671875
17 0.88125 0.50703125 0.209375 0.27421875
17 0.9203125 0.746875 0.159375 0.346875
17 0.71875 0.7640625 0.27734375 0.346875
17 0.36640625 0.7703125 0.2765625 0.3984375
17 0.553125 0.80390625 0.165625 0.27265625
17 0.271875 0.93046875 0.22734375 0.1390625
17 0.503125 0.9390625 0.21640625 0.121875
17 0.85390625 0.934375 0.21015625 0.13125