21 0.65078125 0.1625 0.6828125 0.2546875
21 0.43203125 0.08203125 0.5609375 0.1640625
21 0.59296875 0.34921875 0.5921875 0.3015625
21 0.678125 0.478125 0.64375 0.31875
21 0.6984375 0.69609375 0.603125 0.2296875
21 0.75546875 0.89296875 0.4890625 0.2140625
21 0.15234375 0.1828125 0.3046875 0.2
21 0.25546875 0.34140625 0.5109375 0.2296875
21 0.22890625 0.465625 0.4578125 0.221875
21 0.23046875 0.66171875 0.45625 0.1875
21 0.35859375 0.8359375 0.703125 0.2859375
21 0.31953125 0.965625 0.6078125 0.06875