23 0.1109375 0.61484375 0.134375 0.43828125
23 0.24375 0.4734375 0.13984375 0.39453125
23 0.19609375 0.58828125 0.11328125 0.43046875
23 0.359375 0.315625 0.11953125 0.40703125
23 0.50859375 0.33359375 0.14375 0.45234375
23 0.5453125 0.1484375 0.14765625 0.296875
23 0.6203125 0.07734375 0.10546875 0.15390625
23 0.934375 0.06328125 0.0984375 0.1265625
23 0.48359375 0.8015625 0.15390625 0.30625
23 0.56328125 0.803125 0.096875 0.2484375
23 0.62421875 0.71484375 0.11640625 0.30078125
23 0.64375 0.93984375 0.1890625 0.1203125
23 0.23515625 0.8015625 0.11484375 0.22578125
23 0.259375 0.95703125 0.0953125 0.08515625
23 0.37421875 0.95859375 0.11953125 0.0828125