23 0.10234375 0.525 0.2046875 0.50625
23 0.2640625 0.3921875 0.221875 0.459375
23 0.1921875 0.51171875 0.1984375 0.4953125
23 0.41875 0.2390625 0.2015625 0.4703125
23 0.57890625 0.28359375 0.2359375 0.5234375
23 0.6421875 0.13359375 0.2 0.2546875
23 0.7375 0.06875 0.1265625 0.090625
23 0.46953125 0.79609375 0.2234375 0.3640625
23 0.55625 0.8109375 0.1484375 0.290625
23 0.63828125 0.72421875 0.18125 0.3515625
23 0.61875 0.94609375 0.221875 0.1078125
23 0.19765625 0.75234375 0.165625 0.2703125
23 0.19765625 0.91796875 0.115625 0.09375
23 0.32265625 0.9375 0.14375 0.0984375