12 0.915625 0.18203125 0.16875 0.2140625
12 0.8921875 0.3625 0.215625 0.2125
12 0.89453125 0.55625 0.2109375 0.178125
12 0.86953125 0.9140625 0.1921875 0.171875
12 0.60234375 0.84375 0.4125 0.2875
12 0.54765625 0.64453125 0.284375 0.1921875
12 0.840625 0.709375 0.3 0.2546875
12 0.56015625 0.3671875 0.36875 0.2546875
12 0.74453125 0.14296875 0.225 0.175
12 0.74140625 0.25234375 0.2484375 0.146875
12 0.54375 0.1453125 0.3171875 0.271875
12 0.278125 0.1109375 0.309375 0.221875
12 0.11796875 0.040625 0.1515625 0.08125
12 0.09609375 0.1078125 0.128125 0.1640625
12 0.12890625 0.17578125 0.115625 0.0828125
12 0.0921875 0.22578125 0.14375 0.1328125
12 0.34375 0.2625 0.2484375 0.1671875
12 0.19609375 0.2140625 0.1328125 0.1
12 0.1828125 0.30234375 0.1734375 0.1265625
12 0.28515625 0.3859375 0.2359375 0.16875
12 0.0828125 0.36875 0.1640625 0.2328125
12 0.19296875 0.49296875 0.2515625 0.16875
12 0.096875 0.7046875 0.19375 0.165625
12 0.075 0.85234375 0.15 0.1609375
12 0.23984375 0.87109375 0.26875 0.184375
12 0.31953125 0.72578125 0.265625 0.2109375
12 0.53984375 0.5203125 0.534375 0.1890625
12 0.21484375 0.6 0.4296875 0.165625