12 0.67265625 0.89609375 0.3828125 0.2078125
12 0.8796875 0.8578125 0.240625 0.2375
12 0.95390625 0.66875 0.0921875 0.265625
12 0.746875 0.6796875 0.36875 0.2734375
12 0.32890625 0.81015625 0.2890625 0.2265625
12 0.46328125 0.6921875 0.309375 0.2859375
12 0.546875 0.49140625 0.43125 0.3
12 0.8515625 0.453125 0.296875 0.25
12 0.3359375 0.4375 0.2578125 0.1984375
12 0.415625 0.328125 0.296875 0.2484375
12 0.60859375 0.2515625 0.3609375 0.28125
12 0.7609375 0.1421875 0.4375 0.284375
12 0.2453125 0.178125 0.30625 0.2671875
12 0.3921875 0.11015625 0.2875 0.2203125
12 0.50390625 0.0625 0.3359375 0.125