12 0.090625 0.62109375 0.18046875 0.3515625
12 0.10859375 0.85703125 0.21640625 0.2859375
12 0.290625 0.93828125 0.2484375 0.12265625
12 0.29609375 0.709375 0.2328125 0.3328125
12 0.2078125 0.3 0.19375 0.259375
12 0.3078125 0.43828125 0.25078125 0.27578125
12 0.4921875 0.534375 0.25234375 0.390625
12 0.50234375 0.83046875 0.215625 0.27109375
12 0.5609375 0.33828125 0.1703125 0.23203125
12 0.6578125 0.4234375 0.21484375 0.265625
12 0.71484375 0.61328125 0.23984375 0.32578125
12 0.83125 0.77109375 0.2859375 0.396875
12 0.8140625 0.2734375 0.2328125 0.2734375
12 0.87734375 0.421875 0.20859375 0.25546875
12 0.928125 0.53203125 0.14375 0.3109375