25 0.2984375 0.78203125 0.55 0.4359375
25 0.18671875 0.30625 0.3734375 0.540625
25 0.4375 0.484375 0.55625 0.515625
25 0.82578125 0.575 0.3484375 0.40625
25 0.6515625 0.79921875 0.3875 0.4015625
25 0.93515625 0.7890625 0.1296875 0.259375
25 0.78359375 0.84765625 0.2625 0.24375
25 0.828125 0.12578125 0.24375 0.2515625
25 0.6546875 0.3078125 0.478125 0.46875
25 0.653125 0.0703125 0.378125 0.140625
25 0.5078125 0.1140625 0.278125 0.228125
25 0.271875 0.09453125 0.3375 0.1765625
25 0.35546875 0.23046875 0.296875 0.240625
25 0.903125 0.278125 0.159375 0.2296875
25 0.8390625 0.578125 0.321875 0.365625