23 0.240625 0.8703125 0.365625 0.2546875
23 0.44453125 0.8953125 0.2484375 0.209375
23 0.25078125 0.9515625 0.2078125 0.096875
23 0.48125 0.76328125 0.2140625 0.2234375
23 0.75078125 0.71640625 0.4265625 0.334375
23 0.74765625 0.55703125 0.5046875 0.2296875
23 0.67265625 0.446875 0.6546875 0.29375
23 0.75546875 0.21640625 0.4453125 0.3
23 0.5875 0.11875 0.44375 0.2375
23 0.5140625 0.234375 0.3125 0.3828125
23 0.3421875 0.3453125 0.4171875 0.2671875
23 0.2984375 0.58046875 0.2765625 0.36875
23 0.11484375 0.61328125 0.2296875 0.3890625
23 0.13515625 0.31171875 0.2703125 0.2234375
23 0.0984375 0.26171875 0.196875 0.2203125
23 0.2375 0.73125 0.2140625 0.20625