12 0.23046875 0.19609375 0.340625 0.2859375
12 0.265625 0.390625 0.284375 0.2265625
12 0.85546875 0.1609375 0.2890625 0.25
12 0.7125 0.2484375 0.325 0.2390625
12 0.5828125 0.36796875 0.2921875 0.24375
12 0.44765625 0.465625 0.2890625 0.24375
12 0.24453125 0.59375 0.3234375 0.24375
12 0.12578125 0.684375 0.2515625 0.228125
12 0.88046875 0.415625 0.2390625 0.271875
12 0.76015625 0.52421875 0.2515625 0.25
12 0.615625 0.65 0.2453125 0.2625
12 0.43359375 0.72578125 0.2296875 0.2140625
12 0.28046875 0.82734375 0.2515625 0.2390625
12 0.13046875 0.8609375 0.2609375 0.21875