2 0.53046875 0.9515625 0.2078125 0.096875
2 0.659375 0.90078125 0.221875 0.115625
2 0.50234375 0.8203125 0.2265625 0.146875
2 0.5109375 0.63359375 0.1265625 0.1015625
2 0.62421875 0.59609375 0.21875 0.125
2 0.7109375 0.55234375 0.1875 0.115625
2 0.4890625 0.58359375 0.2234375 0.134375
2 0.3921875 0.5546875 0.190625 0.115625
2 0.528125 0.5015625 0.1671875 0.1125
2 0.3640625 0.5015625 0.1640625 0.0859375
2 0.52109375 0.35 0.175 0.1171875
2 0.46171875 0.25703125 0.2421875 0.10625
2 0.52109375 0.1984375 0.25 0.128125
2 0.5328125 0.146875 0.184375 0.1078125
2 0.425 0.0921875 0.2265625 0.14375
2 0.596875 0.0625 0.278125 0.125
2 0.47890625 0.0328125 0.1703125 0.065625