12 0.36328125 0.684375 0.390625 0.3171875
12 0.146875 0.61796875 0.29375 0.2421875
12 0.44375 0.52109375 0.3921875 0.2
12 0.41796875 0.3296875 0.4140625 0.3109375
12 0.1875 0.1875 0.2703125 0.209375
12 0.28515625 0.9375 0.4453125 0.125
12 0.5046875 0.8375 0.3875 0.25625
12 0.78203125 0.75546875 0.40625 0.315625
12 0.6921875 0.5703125 0.3265625 0.2140625
12 0.87421875 0.43203125 0.2515625 0.2734375
12 0.95 0.8609375 0.1 0.15625
12 0.5640625 0.90859375 0.340625 0.1828125
12 0.16328125 0.8390625 0.2296875 0.2203125