23 0.15703125 0.534375 0.1671875 0.434375
23 0.18515625 0.9 0.1953125 0.2
23 0.28125 0.69921875 0.178125 0.384375
23 0.41171875 0.87265625 0.2046875 0.2546875
23 0.54296875 0.80625 0.10625 0.171875
23 0.71640625 0.69765625 0.284375 0.246875
23 0.490625 0.23828125 0.203125 0.446875
23 0.5421875 0.1375 0.2875 0.275
23 0.01875 0.246875 0.0375 0.15625
23 0.66796875 0.31171875 0.1734375 0.340625
23 0.778125 0.428125 0.1453125 0.30625
23 0.91640625 0.5734375 0.1671875 0.303125
23 0.79296875 0.1953125 0.1640625 0.3328125
23 0.73671875 0.10078125 0.1484375 0.2015625
23 0.93515625 0.20234375 0.0734375 0.1765625
23 0.80078125 0.0375 0.1140625 0.075
23 0.90859375 0.07265625 0.0796875 0.1453125