23 0.1609375 0.44921875 0.09296875 0.3859375
23 0.13046875 0.8359375 0.14609375 0.2625
23 0.2515625 0.61484375 0.11171875 0.3375
23 0.34296875 0.80234375 0.15234375 0.23515625
23 0.4734375 0.7484375 0.07578125 0.14609375
23 0.646875 0.675 0.234375 0.19140625
23 0.50859375 0.2296875 0.12578125 0.3921875
23 0.57421875 0.13203125 0.228125 0.25625
23 0.04375 0.16796875 0.08671875 0.13515625
23 0.65859375 0.321875 0.1140625 0.296875
23 0.74140625 0.4421875 0.0921875 0.26640625
23 0.89609375 0.59765625 0.20703125 0.2546875
23 0.7890625 0.23359375 0.10625 0.290625
23 0.75546875 0.1140625 0.10390625 0.228125
23 0.94765625 0.26015625 0.1046875 0.1546875
23 0.82421875 0.06328125 0.08828125 0.1265625
23 0.95 0.1046875 0.1 0.209375