17 0.1109375 0.2390625 0.221875 0.3375
17 0.3078125 0.12734375 0.3140625 0.246875
17 0.3109375 0.303125 0.440625 0.4796875
17 0.52890625 0.11171875 0.2765625 0.2234375
17 0.7109375 0.10625 0.253125 0.2125
17 0.859375 0.0875 0.134375 0.1640625
17 0.5578125 0.28984375 0.3203125 0.4203125
17 0.7640625 0.2609375 0.2734375 0.3640625
17 0.90390625 0.23046875 0.1609375 0.3390625
17 0.1484375 0.521875 0.296875 0.43125
17 0.2828125 0.75 0.425 0.5
17 0.18515625 0.8453125 0.2828125 0.309375
17 0.58828125 0.69453125 0.4421875 0.5515625
17 0.8421875 0.66796875 0.315625 0.4765625
17 0.9484375 0.58984375 0.103125 0.4984375
17 0.38828125 0.9015625 0.3546875 0.196875