11 0.046875 0.13359375 0.09375 0.1578125
11 0.16171875 0.17421875 0.1890625 0.2796875
11 0.26640625 0.15390625 0.2015625 0.2703125
11 0.51015625 0.1484375 0.3953125 0.296875
11 0.74453125 0.11640625 0.2609375 0.2328125
11 0.83359375 0.38359375 0.3328125 0.5296875
11 0.53359375 0.403125 0.4265625 0.4671875
11 0.26015625 0.384375 0.2859375 0.33125
11 0.07890625 0.36015625 0.1578125 0.3734375
11 0.10546875 0.54921875 0.1921875 0.2453125
11 0.3421875 0.71640625 0.3671875 0.4296875
11 0.63984375 0.76953125 0.3296875 0.278125
11 0.88671875 0.81484375 0.2265625 0.2921875
11 0.41796875 0.890625 0.3015625 0.21875
11 0.1234375 0.8171875 0.2 0.2765625
11 0.153125 0.9328125 0.20625 0.134375