30 0.09765625 0.03828125 0.1390625 0.0765625
30 0.225 0.0640625 0.19375 0.128125
30 0.40390625 0.09765625 0.2859375 0.1953125
30 0.5859375 0.11953125 0.2375 0.2390625
30 0.7921875 0.08515625 0.209375 0.1453125
30 0.92734375 0.1109375 0.1453125 0.175
30 0.1 0.15234375 0.171875 0.28125
30 0.20390625 0.16328125 0.11875 0.2
30 0.3359375 0.26953125 0.1734375 0.2640625
30 0.53984375 0.27578125 0.228125 0.2921875
30 0.74765625 0.25078125 0.2515625 0.33125
30 0.91015625 0.22890625 0.1796875 0.3140625
30 0.05703125 0.4203125 0.1140625 0.33125
30 0.2046875 0.4296875 0.2640625 0.3375
30 0.415625 0.49296875 0.2703125 0.3484375
30 0.6625 0.48359375 0.2734375 0.35
30 0.871875 0.5125 0.25625 0.3625
30 0.034375 0.65 0.06875 0.259375
30 0.14296875 0.7359375 0.2640625 0.4140625
30 0.38515625 0.78984375 0.3015625 0.4203125
30 0.62890625 0.73046875 0.2875 0.3421875
30 0.8640625 0.74453125 0.2640625 0.384375