2 0.865625 0.48515625 0.26875 0.9109375
2 0.64609375 0.12890625 0.44375 0.2375
2 0.63828125 0.3296875 0.4140625 0.2421875
2 0.67578125 0.48515625 0.39375 0.2046875
2 0.6328125 0.63046875 0.38125 0.203125
2 0.6078125 0.82265625 0.3765625 0.2109375
2 0.44375 0.0765625 0.38125 0.153125
2 0.365625 0.2453125 0.36875 0.225
2 0.33359375 0.471875 0.415625 0.2640625
2 0.30546875 0.68203125 0.4546875 0.2703125
2 0.34921875 0.8921875 0.3765625 0.215625
2 0.14140625 0.01640625 0.2296875 0.0328125
2 0.18359375 0.07890625 0.3328125 0.1578125
2 0.12734375 0.19765625 0.2328125 0.225
2 0.13671875 0.359375 0.2703125 0.2171875
2 0.1109375 0.58046875 0.221875 0.1890625
2 0.1109375 0.81484375 0.221875 0.1828125