23 0.296875 0.30234375 0.1390625 0.371875
23 0.5734375 0.36484375 0.103125 0.2484375
23 0.74375 0.50546875 0.090625 0.259375
23 0.81953125 0.51484375 0.0875 0.24375
23 0.93046875 0.3578125 0.1375 0.2453125
23 0.6609375 0.196875 0.0828125 0.359375
23 0.290625 0.0375 0.13125 0.075
23 0.06328125 0.8984375 0.125 0.203125
23 0.29140625 0.875 0.209375 0.25
23 0.3421875 0.7984375 0.125 0.275
23 0.44609375 0.59609375 0.128125 0.31875
23 0.5546875 0.66328125 0.096875 0.2578125
23 0.503125 0.8109375 0.084375 0.20625
23 0.67734375 0.7015625 0.1359375 0.296875
23 0.76953125 0.8078125 0.125 0.2921875
23 0.69765625 0.8984375 0.1171875 0.203125
23 0.92421875 0.7453125 0.1453125 0.240625
23 0.91953125 0.8890625 0.1609375 0.221875