16 0.7453125 0.32890625 0.26171875 0.27421875
16 0.94765625 0.66796875 0.10390625 0.31875
16 0.23515625 0.30859375 0.18203125 0.2671875
16 0.47578125 0.4234375 0.1796875 0.20703125
16 0.9609375 0.26171875 0.078125 0.23203125
16 0.75625 0.7234375 0.18046875 0.2671875
3 0.35078125 0.740625 0.16796875 0.440625
3 0.6046875 0.08984375 0.3125 0.1796875
3 0.209375 0.09296875 0.11171875 0.1859375
3 0.5828125 0.72578125 0.1328125 0.39921875
3 0.21640625 0.571875 0.1078125 0.175
3 0.20234375 0.77734375 0.14453125 0.146875