11 0.2515625 0.09765625 0.25625 0.1953125
11 0.19375 0.1703125 0.2140625 0.2234375
11 0.08515625 0.2890625 0.1703125 0.35
11 0.9359375 0.4609375 0.128125 0.28125
11 0.93046875 0.70234375 0.1390625 0.3921875
11 0.46796875 0.19140625 0.2390625 0.3609375
11 0.57890625 0.23125 0.196875 0.3578125
11 0.64765625 0.34140625 0.234375 0.3234375
11 0.821875 0.28671875 0.240625 0.328125
11 0.73671875 0.16015625 0.171875 0.221875
11 0.6921875 0.51328125 0.25625 0.3421875
11 0.79921875 0.53828125 0.153125 0.2515625
11 0.7421875 0.7046875 0.2140625 0.2890625
11 0.5125 0.56015625 0.2390625 0.353125
11 0.38515625 0.47265625 0.228125 0.3328125
11 0.265625 0.434375 0.2296875 0.284375
11 0.234375 0.64375 0.23125 0.34375
11 0.371875 0.72890625 0.25 0.3609375
11 0.56171875 0.79375 0.2671875 0.4125
11 0.3453125 0.21640625 0.1859375 0.290625