23 0.3140625 0.2484375 0.196875 0.1421875
23 0.2046875 0.3296875 0.225 0.1265625
23 0.128125 0.38046875 0.2328125 0.13125
23 0.2453125 0.45078125 0.14375 0.13125
23 0.31484375 0.02265625 0.1765625 0.0453125
23 0.08984375 0.11640625 0.05625 0.159375
23 0.7078125 0.13984375 0.2921875 0.2125
23 0.7125 0.28671875 0.31875 0.184375
23 0.7109375 0.465625 0.2 0.1390625
23 0.484375 0.571875 0.2265625 0.18125
23 0.2765625 0.77734375 0.253125 0.146875
23 0.19296875 0.83046875 0.178125 0.128125
23 0.315625 0.91796875 0.303125 0.1640625
23 0.49375 0.94375 0.20625 0.1125
23 0.7640625 0.74609375 0.215625 0.1578125
23 0.7953125 0.8828125 0.1703125 0.1328125
23 0.7984375 0.9453125 0.1875 0.109375
23 0.74140625 0.98828125 0.1671875 0.0234375
23 0.653125 0.98671875 0.18125 0.0265625
23 0.87421875 0.609375 0.2515625 0.25
23 0.92734375 0.31640625 0.1453125 0.2359375
23 0.9703125 0.15 0.059375 0.103125