12 0.64140625 0.134375 0.309375 0.2171875
12 0.72578125 0.33125 0.3625 0.2703125
12 0.46015625 0.278125 0.3421875 0.246875
12 0.49921875 0.40859375 0.359375 0.2609375
12 0.84375 0.48203125 0.3125 0.2359375
12 0.628125 0.4515625 0.2234375 0.1796875
12 0.346875 0.41640625 0.2359375 0.2
12 0.20546875 0.428125 0.1640625 0.146875
12 0.29453125 0.528125 0.1984375 0.146875
12 0.11015625 0.60625 0.2203125 0.1875
12 0.04375 0.71484375 0.0875 0.1703125
12 0.521875 0.8453125 0.2421875 0.203125
12 0.78046875 0.89765625 0.2609375 0.19375
12 0.65546875 0.94453125 0.2359375 0.1109375
12 0.81875 0.96484375 0.171875 0.0703125
12 0.54296875 0.93671875 0.2046875 0.1265625
12 0.425 0.78046875 0.14375 0.09375
12 0.35390625 0.72265625 0.1796875 0.128125
12 0.3375 0.5578125 0.3390625 0.171875