2 0.15 0.6 0.3 0.396875
2 0.32265625 0.78828125 0.33828125 0.4234375
2 0.2125 0.31171875 0.19296875 0.359375
2 0.28359375 0.15859375 0.14453125 0.15625
2 0.440625 0.29296875 0.33984375 0.31875
2 0.45703125 0.128125 0.27734375 0.25546875
2 0.45546875 0.50078125 0.36640625 0.28671875
2 0.6046875 0.79453125 0.2125 0.3875
2 0.70390625 0.43828125 0.24140625 0.33125
2 0.76796875 0.72578125 0.24375 0.41640625
2 0.8921875 0.53828125 0.215625 0.2546875
2 0.8171875 0.3375 0.19609375 0.2953125
2 0.65390625 0.1984375 0.1625 0.2546875