2 0.57734375 0.8390625 0.4640625 0.321875
2 0.7765625 0.69609375 0.4453125 0.403125
2 0.27734375 0.7609375 0.4078125 0.246875
2 0.12109375 0.66640625 0.184375 0.1734375
2 0.2828125 0.51484375 0.3796875 0.4
2 0.12734375 0.4828125 0.2546875 0.321875
2 0.5078125 0.52265625 0.3484375 0.4234375
2 0.8078125 0.39453125 0.384375 0.2671875
2 0.46796875 0.24921875 0.38125 0.2953125
2 0.7734375 0.21171875 0.453125 0.3078125
2 0.58984375 0.09453125 0.2921875 0.1890625
2 0.37265625 0.11875 0.3390625 0.2375
2 0.20546875 0.27578125 0.2921875 0.203125