2 0.1859375 0.11640625 0.2625 0.2328125
2 0.4078125 0.10546875 0.353125 0.2109375
2 0.084375 0.153125 0.1046875 0.303125
2 0.22734375 0.2546875 0.4046875 0.4828125
2 0.096875 0.48359375 0.19375 0.5140625
2 0.16875 0.8125 0.3375 0.30625
2 0.3015625 0.62421875 0.4640625 0.5484375
2 0.53828125 0.440625 0.45 0.671875
2 0.66484375 0.1921875 0.3796875 0.384375
2 0.71171875 0.7 0.4296875 0.6
2 0.4640625 0.84296875 0.39375 0.3140625
2 0.75546875 0.9625 0.3046875 0.075
2 0.8734375 0.79453125 0.225 0.4109375
2 0.85859375 0.33359375 0.2828125 0.5171875