17 0.3515625 0.4375 0.25234375 0.2875
17 0.4171875 0.646875 0.1390625 0.190625
17 0.5125 0.78515625 0.13828125 0.14921875
17 0.72578125 0.64453125 0.1671875 0.29921875
17 0.225 0.8125 0.2203125 0.253125
15 0.4015625 0.22734375 0.2953125 0.38515625
15 0.70546875 0.253125 0.2890625 0.2984375
15 0.61015625 0.46171875 0.25078125 0.2484375
15 0.59375 0.646875 0.22109375 0.28046875
15 0.57578125 0.859375 0.175 0.2234375
15 0.2265625 0.6171875 0.2671875 0.27109375
15 0.3828125 0.77890625 0.16015625 0.2359375