25 0.81328125 0.8203125 0.3734375 0.30625
25 0.78046875 0.5734375 0.4390625 0.3625
25 0.76953125 0.25859375 0.41875 0.3328125
25 0.6578125 0.1046875 0.5375 0.209375
25 0.26875 0.1265625 0.4125 0.25
25 0.0625 0.1515625 0.125 0.15625
25 0.15703125 0.4234375 0.3140625 0.315625
25 0.41015625 0.33125 0.4 0.33125
25 0.203125 0.72109375 0.3671875 0.2953125
25 0.2609375 0.875 0.3125 0.25
25 0.52109375 0.8765625 0.4140625 0.246875
25 0.52109375 0.68984375 0.4078125 0.3265625
25 0.43828125 0.52890625 0.371875 0.2484375
25 0.19375 0.5765625 0.3875 0.234375
25 0.0375 0.3078125 0.075 0.190625
25 0.19375 0.2578125 0.3875 0.253125
25 0.19296875 0.96640625 0.2078125 0.0671875
25 0.31796875 0.96484375 0.2828125 0.0703125