23 0.834375 0.03359375 0.259375 0.0671875
23 0.53671875 0.1 0.4546875 0.2
23 0.2125 0.1953125 0.425 0.359375
23 0.44921875 0.28046875 0.28125 0.1265625
23 0.1703125 0.38515625 0.221875 0.1296875
23 0.1875 0.46171875 0.171875 0.084375
23 0.196875 0.56171875 0.2796875 0.1390625
23 0.1453125 0.64453125 0.2484375 0.115625
23 0.0359375 0.55703125 0.071875 0.1
23 0.08515625 0.91484375 0.1359375 0.1703125
23 0.3109375 0.771875 0.3671875 0.4
23 0.4734375 0.928125 0.346875 0.14375
23 0.51015625 0.4828125 0.4359375 0.35
23 0.65 0.7046875 0.4 0.325
23 0.81953125 0.33203125 0.3609375 0.4515625
23 0.8671875 0.59765625 0.265625 0.3359375
23 0.825 0.82578125 0.35 0.3328125