16 0.22109375 0.7359375 0.4421875 0.528125
16 0.66015625 0.75390625 0.6078125 0.4546875
16 0.52734375 0.23671875 0.421875 0.2796875
16 0.16640625 0.24296875 0.3328125 0.3296875
16 0.8125 0.42890625 0.25625 0.246875
3 0.42734375 0.68359375 0.1234375 0.1140625
3 0.621875 0.5234375 0.1578125 0.1203125
3 0.38125 0.42890625 0.134375 0.1390625
3 0.43515625 0.55078125 0.1640625 0.1484375
3 0.78203125 0.30859375 0.1421875 0.10625
3 0.66171875 0.91640625 0.146875 0.1421875
3 0.08828125 0.41484375 0.1484375 0.10625
3 0.16640625 0.153125 0.10625 0.1171875
3 0.29296875 0.38203125 0.1421875 0.1453125
3 0.33046875 0.703125 0.1140625 0.225
3 0.253125 0.8984375 0.1296875 0.0921875
3 0.1171875 0.56875 0.1078125 0.084375
3 0.046875 0.46875 0.09375 0.125
3 0.24609375 0.45625 0.090625 0.071875
3 0.64609375 0.690625 0.15 0.0984375