29 0.44609375 0.2375 0.2359375 0.2859375
29 0.47734375 0.50703125 0.2328125 0.31875
29 0.63359375 0.2484375 0.2140625 0.275
29 0.9 0.409375 0.2 0.28125
12 0.92578125 0.246875 0.1484375 0.196875
12 0.89921875 0.6296875 0.15625 0.221875
12 0.34609375 0.5109375 0.1296875 0.2109375
12 0.428125 0.06328125 0.184375 0.1265625
12 0.68203125 0.053125 0.2078125 0.103125
12 0.55703125 0.0640625 0.1328125 0.128125
12 0.23984375 0.0453125 0.1328125 0.090625
12 0.11953125 0.45078125 0.1359375 0.175
29 0.63125 0.87578125 0.259375 0.2484375
29 0.834375 0.82578125 0.275 0.328125
30 0.275 0.8109375 0.55 0.30625
30 0.19296875 0.92265625 0.3859375 0.1484375
30 0.71953125 0.5171875 0.2671875 0.6140625
30 0.08515625 0.27578125 0.1703125 0.5515625
30 0.23828125 0.421875 0.1359375 0.528125
30 0.81953125 0.1765625 0.240625 0.1890625
30 0.30234375 0.11640625 0.14375 0.1796875