27 0.0828125 0.41171875 0.165625 0.3015625
27 0.2578125 0.28828125 0.2640625 0.2625
27 0.603125 0.15546875 0.2703125 0.2609375
27 0.33046875 0.4796875 0.315625 0.3171875
27 0.21796875 0.6984375 0.3453125 0.31875
27 0.23828125 0.896875 0.3140625 0.20625
27 0.4890625 0.946875 0.26875 0.10625
27 0.734375 0.9046875 0.1984375 0.171875
27 0.490625 0.81953125 0.3125 0.3109375
27 0.6078125 0.6078125 0.33125 0.3109375
27 0.81875 0.77734375 0.3140625 0.3140625
27 0.8515625 0.5765625 0.296875 0.253125
27 0.6203125 0.37109375 0.2484375 0.215625