27 0.09765625 0.37890625 0.1953125 0.2765625
27 0.02890625 0.2 0.0578125 0.1953125
27 0.3 0.271875 0.234375 0.23359375
27 0.6359375 0.16875 0.2421875 0.23125
27 0.35625 0.45859375 0.28046875 0.2828125
27 0.234375 0.6578125 0.309375 0.2828125
27 0.24375 0.8796875 0.284375 0.23671875
27 0.47734375 0.93671875 0.2515625 0.1265625
27 0.71328125 0.9078125 0.175 0.184375
27 0.4859375 0.79140625 0.278125 0.27734375
27 0.6109375 0.59765625 0.29609375 0.2765625
27 0.79921875 0.7734375 0.278125 0.28046875
27 0.85546875 0.58828125 0.2890625 0.2203125
27 0.63828125 0.37421875 0.221875 0.18984375