14 0.309375 0.7671875 0.178125 0.1640625
14 0.27578125 0.63203125 0.1703125 0.178125
14 0.2875 0.484375 0.159375 0.15625
14 0.33671875 0.3078125 0.18125 0.1859375
14 0.41171875 0.85546875 0.1515625 0.1671875
14 0.4046875 0.67578125 0.19375 0.1640625
14 0.46015625 0.53359375 0.171875 0.1890625
14 0.47421875 0.37890625 0.1890625 0.178125
14 0.4953125 0.21953125 0.19375 0.184375
14 0.57265625 0.921875 0.2171875 0.15625
14 0.55234375 0.7609375 0.196875 0.190625
14 0.59375 0.59375 0.1921875 0.18125
14 0.6375 0.428125 0.1953125 0.190625
14 0.63671875 0.27421875 0.19375 0.190625
14 0.69375 0.1421875 0.153125 0.1953125
14 0.61484375 0.06328125 0.1390625 0.121875
14 0.771875 0.06484375 0.178125 0.10625
14 0.71875 0.97421875 0.18125 0.0515625
14 0.76796875 0.83828125 0.184375 0.1953125
14 0.77109375 0.6734375 0.2203125 0.1859375
14 0.76875 0.50625 0.178125 0.1921875
14 0.81328125 0.3359375 0.21875 0.1625