23 0.02421875 0.34765625 0.0484375 0.1015625
23 0.01796875 0.51015625 0.0359375 0.1203125
23 0.10390625 0.540625 0.071875 0.1265625
23 0.13125 0.4171875 0.078125 0.121875
23 0.26640625 0.37890625 0.0765625 0.096875
23 0.0671875 0.73125 0.09375 0.134375
23 0.2875 0.79609375 0.071875 0.1390625
23 0.38671875 0.490625 0.09375 0.140625
23 0.51640625 0.5609375 0.0640625 0.1171875
23 0.428125 0.609375 0.059375 0.0890625
23 0.4953125 0.64765625 0.0609375 0.090625
23 0.76484375 0.5203125 0.15625 0.3046875
23 0.88203125 0.42265625 0.128125 0.2859375
23 0.6625 0.31484375 0.1109375 0.1703125