2 0.1875 0.1234375 0.375 0.2375
2 0.6171875 0.1359375 0.353125 0.271875
2 0.08046875 0.34765625 0.1609375 0.3109375
2 0.396875 0.10859375 0.2046875 0.2171875
2 0.3078125 0.409375 0.4703125 0.496875
2 0.7015625 0.39921875 0.4390625 0.4390625
2 0.88125 0.334375 0.2375 0.365625
2 0.87265625 0.590625 0.2546875 0.265625
2 0.65390625 0.7796875 0.3984375 0.428125
2 0.31640625 0.79140625 0.3953125 0.3515625
2 0.15390625 0.6078125 0.3078125 0.36875
2 0.13671875 0.94921875 0.2453125 0.1015625
2 0.890625 0.95703125 0.21875 0.0671875