12 0.38984375 0.18359375 0.2734375 0.1515625
12 0.59765625 0.2234375 0.2390625 0.1390625
12 0.42578125 0.103125 0.23125 0.1171875
12 0.384375 0.32578125 0.296875 0.184375
12 0.5828125 0.34140625 0.1796875 0.115625
12 0.4046875 0.46640625 0.2578125 0.1484375
12 0.1078125 0.23203125 0.203125 0.1734375
12 0.1328125 0.0875 0.2421875 0.15625
12 0.121875 0.5453125 0.24375 0.15
12 0.1328125 0.69140625 0.265625 0.1703125
12 0.14296875 0.75078125 0.265625 0.103125
12 0.16953125 0.85625 0.2515625 0.1375
12 0.253125 0.6296875 0.196875 0.1125