12 0.63046875 0.64296875 0.259375 0.3046875
12 0.7703125 0.41484375 0.2515625 0.3546875
12 0.56640625 0.4875 0.2390625 0.315625
12 0.26328125 0.54921875 0.1546875 0.209375
12 0.23515625 0.76796875 0.1734375 0.2203125
12 0.3859375 0.69140625 0.140625 0.2046875
12 0.5203125 0.840625 0.1578125 0.21875
12 0.85078125 0.125 0.128125 0.1671875
12 0.8984375 0.2359375 0.15 0.19375
12 0.88984375 0.8421875 0.1046875 0.2078125
12 0.69921875 0.9171875 0.1609375 0.165625
12 0.19921875 0.27109375 0.190625 0.246875