7 0.94296875 0.13671875 0.1140625 0.1140625
7 0.9328125 0.21796875 0.134375 0.1046875
7 0.946875 0.3015625 0.10625 0.075
7 0.8140625 0.15546875 0.1640625 0.115625
7 0.7046875 0.07734375 0.1890625 0.121875
7 0.6703125 0.15703125 0.18125 0.1234375
7 0.75859375 0.28125 0.3296875 0.196875
7 0.28046875 0.13515625 0.4515625 0.2703125
7 0.71953125 0.54609375 0.546875 0.4296875
7 0.23046875 0.3765625 0.2765625 0.1640625
7 0.19296875 0.46328125 0.328125 0.1953125
7 0.34609375 0.47265625 0.2140625 0.1546875
7 0.83203125 0.8015625 0.1640625 0.1265625
7 0.6953125 0.76953125 0.171875 0.1234375
7 0.540625 0.74296875 0.1515625 0.10625
7 0.76796875 0.8828125 0.16875 0.1203125
7 0.61171875 0.85 0.153125 0.1171875
7 0.79921875 0.9671875 0.1828125 0.065625
7 0.61640625 0.9375 0.3140625 0.125
7 0.196875 0.73203125 0.39375 0.2984375
7 0.084375 0.859375 0.16875 0.153125