27 0.06796875 0.57578125 0.1359375 0.2015625
27 0.06328125 0.41953125 0.1265625 0.1515625
27 0.29140625 0.38828125 0.253125 0.2171875
27 0.3421875 0.2328125 0.3171875 0.2234375
27 0.59921875 0.74921875 0.34375 0.2140625
27 0.47578125 0.57734375 0.1984375 0.31875
27 0.665625 0.48984375 0.3234375 0.1890625
27 0.74921875 0.64921875 0.209375 0.3421875
12 0.29609375 0.07265625 0.2921875 0.1453125
12 0.59453125 0.625 0.2890625 0.2484375
21 0.56640625 0.86171875 0.4203125 0.20625
21 0.85546875 0.6703125 0.2546875 0.4296875
21 0.6796875 0.40859375 0.40625 0.20625
21 0.4125 0.57734375 0.2546875 0.453125
21 0.1578125 0.18828125 0.265625 0.3765625
21 0.2078125 0.80859375 0.415625 0.3296875
21 0.57109375 0.10390625 0.4109375 0.2078125