27 0.3125 0.0765625 0.1671875 0.153125
27 0.46875 0.05546875 0.1265625 0.11015625
27 0.5515625 0.27109375 0.16640625 0.2140625
27 0.71171875 0.2828125 0.15546875 0.28203125
27 0.28046875 0.6515625 0.1375 0.31328125
27 0.41484375 0.4921875 0.28984375 0.1296875
27 0.54375 0.653125 0.1171875 0.296875
27 0.41171875 0.77109375 0.3140625 0.13359375
12 0.89296875 0.19140625 0.16796875 0.253125
12 0.39765625 0.6171875 0.18984375 0.24609375
21 0.165625 0.646875 0.10859375 0.4
21 0.41640625 0.8765625 0.39453125 0.15859375
21 0.62421875 0.646875 0.1140625 0.38515625
21 0.40078125 0.43203125 0.41953125 0.15390625
21 0.72109375 0.09296875 0.35625 0.1859375
21 0.12265625 0.2609375 0.22421875 0.43203125
21 0.91484375 0.47109375 0.16953125 0.375