27 0.8890625 0.134375 0.221875 0.221875
27 0.571875 0.16328125 0.321875 0.221875
27 0.32734375 0.17421875 0.278125 0.2046875
27 0.35078125 0.41328125 0.515625 0.3453125
27 0.2046875 0.6875 0.3625 0.2421875
27 0.30078125 0.86640625 0.28125 0.178125
27 0.7203125 0.57109375 0.409375 0.4375
27 0.93046875 0.43984375 0.1390625 0.2578125
27 0.9625 0.71484375 0.0578125 0.196875
27 0.68984375 0.87265625 0.1796875 0.1390625
27 0.82265625 0.809375 0.1984375 0.1640625
27 0.7390625 0.309375 0.23125 0.2078125