3 0.1828125 0.809375 0.365625 0.246875
3 0.42578125 0.84296875 0.5359375 0.3140625
3 0.7953125 0.90390625 0.375 0.1921875
3 0.24453125 0.60859375 0.1671875 0.0890625
3 0.06171875 0.5359375 0.1203125 0.096875
3 0.040625 0.43359375 0.075 0.071875
3 0.04609375 0.29375 0.075 0.05
3 0.61015625 0.64375 0.125 0.0765625
3 0.753125 0.6046875 0.1 0.0796875
3 0.86328125 0.7328125 0.090625 0.0703125
3 0.8671875 0.66796875 0.1078125 0.0578125
3 0.93984375 0.81171875 0.0921875 0.0671875
3 0.9140625 0.54296875 0.171875 0.1265625
3 0.16328125 0.1875 0.303125 0.1703125
3 0.609375 0.2484375 0.6390625 0.2515625
3 0.51484375 0.1109375 0.4890625 0.221875
3 0.80234375 0.1125 0.3953125 0.215625