12 0.390625 0.21171875 0.190625 0.165625
12 0.5546875 0.2375 0.1609375 0.146875
12 0.68984375 0.26640625 0.18125 0.146875
12 0.75546875 0.3453125 0.159375 0.11875
12 0.7859375 0.45 0.1609375 0.128125
12 0.778125 0.55 0.128125 0.090625
12 0.790625 0.61484375 0.1859375 0.1328125
12 0.778125 0.7 0.16875 0.125
12 0.31796875 0.33671875 0.203125 0.16875
12 0.16484375 0.48203125 0.20625 0.171875
12 0.2828125 0.6015625 0.246875 0.1828125
12 0.37890625 0.71953125 0.1953125 0.1421875
12 0.5234375 0.74765625 0.209375 0.1703125
12 0.65859375 0.790625 0.1484375 0.13125
12 0.64453125 0.54140625 0.1484375 0.1125
12 0.67578125 0.625 0.178125 0.128125
12 0.5328125 0.4171875 0.1734375 0.1296875
12 0.45625 0.5765625 0.19375 0.1515625
12 0.36171875 0.46640625 0.165625 0.1453125
12 0.4578125 0.33515625 0.1875 0.1265625
12 0.68515625 0.43359375 0.125 0.1109375
12 0.52265625 0.6390625 0.165625 0.1234375
12 0.528125 0.5171875 0.1765625 0.115625