27 0.11171875 0.15078125 0.19140625 0.23671875
27 0.16796875 0.4609375 0.17890625 0.2796875
27 0.19765625 0.6828125 0.16796875 0.23984375
27 0.4140625 0.64296875 0.278125 0.4484375
27 0.6765625 0.7546875 0.19453125 0.315625
27 0.8328125 0.65234375 0.1421875 0.24609375
27 0.52890625 0.29375 0.37265625 0.34296875
27 0.39296875 0.084375 0.22421875 0.16875
27 0.6421875 0.040625 0.178125 0.08125
27 0.80703125 0.296875 0.11484375 0.1546875
27 0.73828125 0.18203125 0.1359375 0.1703125
27 0.2875 0.296875 0.1734375 0.19765625