3 0.17890625 0.18515625 0.22421875 0.3703125
3 0.1515625 0.4390625 0.30234375 0.5140625
3 0.10234375 0.81328125 0.2046875 0.3734375
3 0.38125 0.246875 0.08125 0.16015625
3 0.44375 0.06328125 0.0890625 0.1140625
3 0.54375 0.03671875 0.06875 0.071875
3 0.68125 0.03515625 0.046875 0.0703125
3 0.36640625 0.60703125 0.06953125 0.11953125
3 0.41171875 0.74609375 0.07421875 0.0953125
3 0.290625 0.8609375 0.06484375 0.08515625
3 0.35546875 0.86171875 0.0515625 0.103125
3 0.2171875 0.94765625 0.06328125 0.09453125
3 0.48046875 0.909375 0.1140625 0.18125
3 0.79296875 0.1453125 0.1515625 0.290625
3 0.75625 0.5859375 0.215625 0.61796875
3 0.89453125 0.48671875 0.2109375 0.4703125
3 0.90234375 0.790625 0.1953125 0.41875