7 0.15234375 0.2515625 0.16875 0.2671875
7 0.0484375 0.3875 0.096875 0.27421875
7 0.12265625 0.490625 0.18125 0.165625
7 0.18828125 0.86328125 0.17265625 0.1984375
7 0.39375 0.075 0.19296875 0.14921875
7 0.2953125 0.46484375 0.1734375 0.2171875
7 0.384375 0.63671875 0.15703125 0.23203125
7 0.57734375 0.7046875 0.15703125 0.22109375
7 0.425 0.46875 0.17578125 0.17109375
7 0.50859375 0.284375 0.15 0.21484375
7 0.5328125 0.48515625 0.13046875 0.21328125
7 0.71328125 0.5 0.1234375 0.19453125
7 0.75390625 0.62109375 0.13828125 0.1765625
7 0.821875 0.46484375 0.14921875 0.24140625
7 0.8609375 0.296875 0.171875 0.20390625
7 0.9578125 0.26015625 0.08359375 0.21953125
7 0.93828125 0.4328125 0.1234375 0.1859375
7 0.8984375 0.60859375 0.1671875 0.23359375