7 0.1 0.31171875 0.2 0.3015625
7 0.040625 0.46171875 0.08125 0.2890625
7 0.10546875 0.56015625 0.2109375 0.2015625
7 0.23671875 0.9046875 0.2109375 0.190625
7 0.30703125 0.096875 0.2203125 0.1703125
7 0.275 0.503125 0.215625 0.253125
7 0.396875 0.66171875 0.2015625 0.2640625
7 0.60625 0.69609375 0.2 0.253125
7 0.40859375 0.48359375 0.209375 0.2046875
7 0.46015625 0.28125 0.1921875 0.2453125
7 0.52109375 0.48046875 0.1703125 0.2390625
7 0.7078125 0.46328125 0.1609375 0.21875
7 0.77109375 0.57890625 0.1734375 0.203125
7 0.8125 0.40859375 0.1953125 0.271875
7 0.821875 0.23046875 0.2125 0.2390625
7 0.909375 0.17421875 0.1171875 0.234375
7 0.92109375 0.35546875 0.1515625 0.209375
7 0.90546875 0.53984375 0.1890625 0.2671875