11 0.61015625 0.5421875 0.20625 0.2640625
11 0.75859375 0.62578125 0.2078125 0.28125
11 0.84375 0.48984375 0.15 0.303125
11 0.56796875 0.16796875 0.2015625 0.2453125
11 0.4046875 0.13203125 0.2203125 0.228125
11 0.3484375 0.40859375 0.1953125 0.2953125
11 0.36015625 0.25390625 0.2171875 0.1578125
11 0.225 0.1328125 0.15625 0.2046875
11 0.1140625 0.25859375 0.1703125 0.2484375
11 0.0484375 0.2 0.096875 0.15625
11 0.028125 0.1296875 0.05625 0.184375
11 0.06875 0.0796875 0.1375 0.1
11 0.1125 0.459375 0.1453125 0.21875
11 0.09453125 0.6078125 0.1734375 0.1984375
11 0.17734375 0.7453125 0.2578125 0.296875
11 0.28046875 0.57578125 0.215625 0.2453125
11 0.38125 0.64375 0.1625 0.190625
11 0.46015625 0.6109375 0.18125 0.30625
11 0.6203125 0.7375 0.2765625 0.2359375
11 0.62734375 0.89140625 0.196875 0.2109375
11 0.44765625 0.825 0.1921875 0.2234375
11 0.4015625 0.94609375 0.178125 0.1078125