7 0.640625 0.4640625 0.2 0.2078125
7 0.4203125 0.50390625 0.19375 0.1859375
7 0.25703125 0.5046875 0.234375 0.209375
7 0.16640625 0.390625 0.221875 0.2625
7 0.0890625 0.22734375 0.178125 0.2109375
7 0.08046875 0.11640625 0.1609375 0.1546875
7 0.30390625 0.14375 0.2453125 0.1828125
7 0.5125 0.2484375 0.171875 0.15625
7 0.68359375 0.2140625 0.153125 0.1421875
7 0.76953125 0.60078125 0.159375 0.165625
7 0.50546875 0.9671875 0.2765625 0.065625
7 0.10703125 0.93515625 0.1296875 0.1296875
7 0.359375 0.2421875 0.2203125 0.2