11 0.36015625 0.65234375 0.2578125 0.165625
11 0.54140625 0.72109375 0.1890625 0.215625
11 0.33046875 0.81171875 0.27109375 0.22421875
11 0.22265625 0.8359375 0.16640625 0.12421875
11 0.70859375 0.796875 0.22109375 0.2046875
11 0.68125 0.60703125 0.22109375 0.20703125
11 0.85078125 0.5796875 0.20390625 0.18125
11 0.70625 0.4796875 0.18359375 0.11875
11 0.49765625 0.5234375 0.196875 0.18046875
11 0.36953125 0.50234375 0.1390625 0.12421875
11 0.2296875 0.5046875 0.215625 0.12265625
11 0.1328125 0.56328125 0.15859375 0.103125
11 0.465625 0.4 0.18359375 0.11328125
11 0.728125 0.3796875 0.16640625 0.1015625
11 0.5984375 0.39375 0.1625 0.08125
11 0.25078125 0.41875 0.1203125 0.071875