9 0.6109375 0.440625 0.521875 0.3
9 0.63984375 0.7015625 0.453125 0.3140625
9 0.25859375 0.759375 0.3953125 0.2421875
9 0.246875 0.559375 0.365625 0.2890625
9 0.209375 0.33828125 0.4140625 0.3046875
9 0.5203125 0.19765625 0.5703125 0.253125
9 0.13671875 0.109375 0.2546875 0.21875
9 0.32109375 0.05546875 0.3796875 0.1109375
9 0.634375 0.06796875 0.38125 0.1359375
9 0.8328125 0.17890625 0.334375 0.3296875
9 0.89140625 0.38515625 0.2171875 0.2578125
9 0.86328125 0.6 0.2734375 0.26875
9 0.87265625 0.8046875 0.2421875 0.2296875
9 0.51171875 0.88671875 0.4515625 0.2265625
9 0.81328125 0.93984375 0.3453125 0.1203125