2 0.40859375 0.3984375 0.16875 0.303125
2 0.29609375 0.35859375 0.1765625 0.25
2 0.18359375 0.33359375 0.1640625 0.3203125
2 0.09140625 0.290625 0.16875 0.2984375
2 0.5296875 0.4046875 0.1859375 0.296875
2 0.63359375 0.41796875 0.1515625 0.2125
2 0.7640625 0.403125 0.196875 0.221875
2 0.89140625 0.45546875 0.1859375 0.2703125
2 0.96328125 0.22265625 0.0734375 0.2484375
2 0.828125 0.1671875 0.18125 0.2375
2 0.73203125 0.16796875 0.14375 0.2296875
2 0.63203125 0.1921875 0.153125 0.2421875
2 0.540625 0.13828125 0.1671875 0.2375
2 0.40625 0.14765625 0.196875 0.2953125
2 0.2890625 0.12109375 0.1875 0.2421875
2 0.22265625 0.06796875 0.1734375 0.1359375
2 0.11171875 0.08515625 0.1015625 0.1703125