5 0.17421875 0.353125 0.18125 0.14375
5 0.265625 0.41171875 0.1890625 0.1890625
5 0.33515625 0.48125 0.1875 0.2203125
5 0.428125 0.5171875 0.15625 0.1953125
5 0.54453125 0.56875 0.1625 0.184375
5 0.65234375 0.646875 0.1875 0.2125
5 0.26015625 0.321875 0.090625 0.0859375
5 0.3375 0.35234375 0.0703125 0.0671875
5 0.440625 0.4203125 0.1421875 0.115625
5 0.51640625 0.45078125 0.0953125 0.090625
5 0.63359375 0.51328125 0.1546875 0.1296875
5 0.728125 0.56640625 0.171875 0.1640625
5 0.35703125 0.31640625 0.1625 0.1203125
5 0.42265625 0.3515625 0.1109375 0.1015625
5 0.50390625 0.3890625 0.1046875 0.0890625
5 0.60078125 0.4375 0.1171875 0.0953125
5 0.6796875 0.484375 0.1234375 0.115625
5 0.80078125 0.53359375 0.1234375 0.1171875
5 0.425 0.29296875 0.1125 0.0875
5 0.496875 0.33671875 0.13125 0.1
5 0.59609375 0.38046875 0.1140625 0.0859375
5 0.67578125 0.4046875 0.1234375 0.084375
5 0.7703125 0.46796875 0.153125 0.1203125
5 0.87265625 0.50078125 0.1296875 0.1015625
5 0.49375 0.27890625 0.1234375 0.103125
5 0.56875 0.31171875 0.115625 0.1046875
5 0.6375 0.33359375 0.125 0.09375
5 0.7203125 0.38203125 0.128125 0.09375
5 0.82265625 0.43125 0.1296875 0.0890625
5 0.92578125 0.4875 0.1484375 0.11875