3 0.459375 0.44921875 0.2390625 0.16875
3 0.28515625 0.56484375 0.2625 0.1203125
3 0.21875 0.45703125 0.159375 0.1734375
3 0.28828125 0.31328125 0.240625 0.1796875
3 0.63125 0.4875 0.209375 0.2421875
3 0.48515625 0.62265625 0.140625 0.2703125
3 0.61171875 0.10703125 0.3046875 0.1984375
3 0.76015625 0.61484375 0.315625 0.20625
3 0.7078125 0.69921875 0.2703125 0.1953125
3 0.834375 0.45703125 0.1875 0.253125
3 0.27578125 0.70859375 0.10625 0.2328125
3 0.109375 0.6109375 0.2 0.2546875
3 0.12890625 0.25703125 0.11875 0.2609375
3 0.24921875 0.1484375 0.209375 0.225
3 0.38046875 0.14921875 0.1625 0.26875
3 0.39140625 0.2546875 0.146875 0.209375
3 0.4546875 0.359375 0.134375 0.2640625
3 0.5984375 0.3453125 0.1328125 0.146875
3 0.565625 0.3 0.1390625 0.1765625