3 0.72109375 0.8203125 0.1171875 0.171875
3 0.61484375 0.92578125 0.1765625 0.1484375
3 0.4296875 0.52109375 0.146875 0.159375
3 0.21015625 0.4078125 0.121875 0.1296875
3 0.37734375 0.29453125 0.146875 0.178125
3 0.34140625 0.85703125 0.1234375 0.178125
3 0.3796875 0.95546875 0.115625 0.0890625
3 0.46328125 0.70546875 0.11875 0.1171875
3 0.21484375 0.63359375 0.1453125 0.15625
3 0.11171875 0.45625 0.0921875 0.1203125
3 0.39453125 0.1828125 0.1671875 0.1671875
3 0.49765625 0.16171875 0.115625 0.1453125
3 0.565625 0.5125 0.153125 0.2140625
3 0.62890625 0.5875 0.1015625 0.1359375