12 0.48515625 0.79140625 0.19375 0.19375
12 0.60546875 0.8015625 0.1640625 0.1265625
12 0.73984375 0.7875 0.146875 0.1203125
12 0.83984375 0.7171875 0.1796875 0.109375
12 0.77734375 0.584375 0.1765625 0.159375
12 0.6421875 0.57578125 0.16875 0.1265625
12 0.49375 0.5546875 0.171875 0.153125
12 0.30390625 0.7296875 0.1828125 0.1171875
12 0.28515625 0.58515625 0.225 0.1453125
12 0.1421875 0.68125 0.1875 0.134375
12 0.271875 0.46953125 0.1859375 0.1390625
12 0.28828125 0.35546875 0.1609375 0.0921875
12 0.41015625 0.28984375 0.2359375 0.14375
12 0.5703125 0.35625 0.2328125 0.1515625
12 0.765625 0.32265625 0.19375 0.125
12 0.8453125 0.16171875 0.19375 0.115625
12 0.6484375 0.06484375 0.1796875 0.0921875
12 0.7140625 0.03671875 0.2625 0.0734375
12 0.853125 0.04609375 0.18125 0.0921875
12 0.8625 0.0140625 0.146875 0.028125
12 0.490625 0.2015625 0.1671875 0.1140625
12 0.26640625 0.26953125 0.165625 0.1328125