11 0.2390625 0.32578125 0.1734375 0.1984375
11 0.38359375 0.671875 0.1796875 0.240625
11 0.26171875 0.66171875 0.1453125 0.1703125
11 0.14296875 0.56484375 0.175 0.2375
11 0.07734375 0.4953125 0.134375 0.184375
11 0.19140625 0.24765625 0.184375 0.225
11 0.38984375 0.4265625 0.1265625 0.1625
11 0.58671875 0.6171875 0.1796875 0.228125
11 0.47578125 0.590625 0.13125 0.140625
11 0.4125 0.5203125 0.1046875 0.13125
11 0.18671875 0.85078125 0.1765625 0.1953125
11 0.575 0.88515625 0.190625 0.2296875
11 0.51796875 0.1328125 0.15625 0.19375
11 0.56484375 0.27109375 0.175 0.2265625
11 0.6140625 0.16484375 0.125 0.1765625
11 0.6640625 0.23828125 0.128125 0.196875
11 0.68125 0.36875 0.1640625 0.1953125
11 0.56640625 0.47265625 0.171875 0.1796875
11 0.31875 0.50703125 0.1390625 0.15625
11 0.32109375 0.39296875 0.1125 0.1296875
11 0.23359375 0.47109375 0.15625 0.1828125
11 0.09921875 0.22421875 0.1265625 0.1828125
11 0.2578125 0.13984375 0.1484375 0.2046875
11 0.059375 0.634375 0.11875 0.178125
11 0.10546875 0.7671875 0.1296875 0.1765625
11 0.41171875 0.94296875 0.1328125 0.1140625
11 0.6671875 0.8671875 0.175 0.2296875
11 0.70234375 0.5359375 0.1734375 0.2015625
11 0.77109375 0.38984375 0.115625 0.165625
11 0.8359375 0.13828125 0.171875 0.1671875
11 0.9125 0.5015625 0.175 0.2375
11 0.896875 0.7515625 0.15 0.20625
11 0.77421875 0.89765625 0.1453125 0.2046875
11 0.84140625 0.41796875 0.125 0.1625
11 0.86015625 0.33984375 0.1 0.1296875
11 0.93203125 0.33125 0.125 0.159375
11 0.4453125 0.053125 0.121875 0.10625