12 0.41640625 0.29453125 0.1375 0.17578125
12 0.609375 0.2234375 0.1234375 0.22265625
12 0.496875 0.45703125 0.14140625 0.1609375
12 0.384375 0.51484375 0.15703125 0.1578125
12 0.26640625 0.5375 0.10546875 0.17265625
12 0.30078125 0.7 0.14609375 0.18984375
12 0.42421875 0.6671875 0.125 0.1640625
12 0.54296875 0.6328125 0.14375 0.18671875
12 0.6265625 0.54765625 0.11640625 0.25
12 0.1828125 0.25703125 0.1546875 0.1796875
12 0.140625 0.4140625 0.13359375 0.178125
12 0.06328125 0.59453125 0.11953125 0.1421875
12 0.22265625 0.87265625 0.121875 0.17265625
12 0.353125 0.86796875 0.1203125 0.2
12 0.478125 0.81484375 0.09921875 0.18515625
12 0.584375 0.79140625 0.1265625 0.2
12 0.68671875 0.7046875 0.109375 0.1953125
12 0.846875 0.60546875 0.10546875 0.22109375
12 0.8265625 0.89921875 0.13515625 0.1796875
12 0.68125 0.92578125 0.15 0.1484375