11 0.37734375 0.43359375 0.23125 0.2671875
11 0.54921875 0.4 0.184375 0.196875
11 0.66796875 0.59375 0.2578125 0.184375
11 0.70546875 0.47734375 0.1734375 0.18125
11 0.71953125 0.334375 0.2390625 0.21875
11 0.76953125 0.17734375 0.21875 0.2375
11 0.55078125 0.23984375 0.2625 0.203125
11 0.4578125 0.10234375 0.203125 0.1953125
11 0.25703125 0.2734375 0.3578125 0.184375
11 0.17421875 0.146875 0.265625 0.1875
11 0.10859375 0.42265625 0.2171875 0.2046875
11 0.15234375 0.6671875 0.2859375 0.2359375
11 0.23046875 0.4796875 0.18125 0.2
11 0.10390625 0.55703125 0.2078125 0.1640625
11 0.5140625 0.64609375 0.2109375 0.2171875
11 0.3765625 0.72109375 0.240625 0.1875
11 0.3546875 0.60234375 0.2078125 0.1875
11 0.27890625 0.80625 0.253125 0.25
11 0.315625 0.8890625 0.3 0.221875
11 0.54921875 0.8421875 0.2296875 0.2515625
11 0.6984375 0.7515625 0.209375 0.1734375
11 0.8515625 0.5296875 0.209375 0.2125
11 0.81484375 0.796875 0.2171875 0.1890625
11 0.91484375 0.6796875 0.1640625 0.134375
11 0.88984375 0.33046875 0.1765625 0.225
11 0.71484375 0.0859375 0.2359375 0.171875
11 0.6015625 0.1578125 0.1625 0.1375
11 0.07421875 0.27109375 0.1484375 0.1984375
11 0.11953125 0.85859375 0.1953125 0.2828125