2 0.18359375 0.875 0.19453125 0.24921875
2 0.1671875 0.62890625 0.18984375 0.28203125
2 0.3125 0.42890625 0.1828125 0.27421875
2 0.1328125 0.409375 0.20078125 0.2609375
2 0.2796875 0.19140625 0.16328125 0.25
2 0.47890625 0.48828125 0.20234375 0.32109375
2 0.34140625 0.68359375 0.2484375 0.36015625
2 0.73046875 0.8359375 0.27109375 0.328125
2 0.87734375 0.6234375 0.19296875 0.425
2 0.7015625 0.515625 0.20703125 0.4328125
2 0.61640625 0.23359375 0.22734375 0.328125
2 0.7890625 0.18359375 0.18828125 0.35546875