11 0.5234375 0.40859375 0.2296875 0.171875
11 0.6125 0.278125 0.246875 0.171875
11 0.49375 0.18984375 0.27109375 0.11640625
11 0.175 0.4171875 0.2125 0.16953125
11 0.12890625 0.5640625 0.1953125 0.1875
11 0.37890625 0.6390625 0.259375 0.159375
11 0.23828125 0.615625 0.12890625 0.190625
11 0.115625 0.73046875 0.17890625 0.13046875
11 0.221875 0.8421875 0.21796875 0.1390625
11 0.1625 0.8984375 0.1390625 0.07890625
11 0.0890625 0.9484375 0.178125 0.10234375
11 0.04765625 0.88828125 0.0953125 0.1515625
11 0.40703125 0.86015625 0.1921875 0.1171875
11 0.5421875 0.8890625 0.171875 0.14609375
11 0.675 0.8234375 0.2578125 0.21640625
11 0.52734375 0.71484375 0.2125 0.18203125
11 0.5984375 0.62734375 0.16484375 0.1359375
11 0.57421875 0.55234375 0.27109375 0.14375
11 0.70390625 0.41484375 0.19765625 0.2390625
11 0.84609375 0.42109375 0.18046875 0.16796875
11 0.7703125 0.58125 0.19375 0.16171875
11 0.91796875 0.63515625 0.159375 0.1578125