11 0.21484375 0.39140625 0.13203125 0.1640625
11 0.43125 0.68125 0.12578125 0.2078125
11 0.3140625 0.7015625 0.1078125 0.1421875
11 0.18125 0.63828125 0.12265625 0.2046875
11 0.10234375 0.58828125 0.09296875 0.159375
11 0.15234375 0.3296875 0.13671875 0.1890625
11 0.37890625 0.45078125 0.0921875 0.13828125
11 0.60859375 0.58359375 0.1296875 0.19453125
11 0.4984375 0.584375 0.1015625 0.11484375
11 0.4234375 0.53359375 0.07734375 0.11171875
11 0.2890625 0.91015625 0.1375 0.1796875
11 0.66328125 0.8484375 0.134375 0.21953125
11 0.43125 0.14609375 0.11484375 0.1640625
11 0.5078125 0.26484375 0.12578125 0.19296875
11 0.528125 0.15390625 0.0859375 0.15390625
11 0.59296875 0.21015625 0.08515625 0.17421875
11 0.63984375 0.32890625 0.121875 0.1640625
11 0.55546875 0.45234375 0.134375 0.14375
11 0.33125 0.54296875 0.1046875 0.13046875
11 0.30703125 0.43515625 0.084375 0.1078125
11 0.24296875 0.52890625 0.11875 0.15234375
11 0.05390625 0.33359375 0.1015625 0.15703125
11 0.1890625 0.2140625 0.1015625 0.17890625
11 0.10625 0.72578125 0.11015625 0.15078125
11 0.1921875 0.8359375 0.08984375 0.15390625
11 0.521875 0.94296875 0.109375 0.1140625
11 0.7421875 0.7984375 0.125 0.19765625
11 0.69765625 0.48046875 0.1296875 0.16875
11 0.72890625 0.32734375 0.07890625 0.14375
11 0.73046875 0.075 0.140625 0.14375
11 0.91171875 0.39609375 0.1765625 0.19609375
11 0.94140625 0.640625 0.1171875 0.17890625
11 0.85390625 0.81484375 0.09453125 0.20625
11 0.8015625 0.3375 0.08984375 0.13828125
11 0.80078125 0.2609375 0.0734375 0.11171875
11 0.865625 0.2359375 0.08984375 0.13515625
11 0.34140625 0.07734375 0.09296875 0.1078125