12 0.303125 0.51875 0.24765625 0.290625
12 0.49609375 0.403125 0.24296875 0.28359375
12 0.55390625 0.74765625 0.2296875 0.29609375
12 0.3390625 0.81875 0.22578125 0.27734375
12 0.13203125 0.734375 0.2203125 0.30625
12 0.6390625 0.2234375 0.2328125 0.271875
12 0.81640625 0.3546875 0.2296875 0.35234375
12 0.77109375 0.64296875 0.2125 0.33671875
12 0.78984375 0.896875 0.23828125 0.20625
12 0.58671875 0.9296875 0.22109375 0.13984375
12 0.284375 0.3328125 0.1953125 0.18828125
12 0.309375 0.1515625 0.19921875 0.19453125
12 0.51015625 0.15546875 0.15234375 0.2328125
12 0.12578125 0.2609375 0.175 0.22578125
12 0.13515625 0.48359375 0.13515625 0.234375