11 0.33984375 0.7390625 0.2609375 0.259375
11 0.78046875 0.73203125 0.2140625 0.278125
11 0.88828125 0.6484375 0.2125 0.246875
11 0.7765625 0.503125 0.1921875 0.2734375
11 0.65234375 0.5234375 0.2484375 0.271875
11 0.5328125 0.215625 0.340625 0.2953125
11 0.35390625 0.35 0.2609375 0.2953125
11 0.3515625 0.06875 0.29375 0.1375
11 0.13828125 0.63046875 0.25 0.33125
11 0.10703125 0.47734375 0.2140625 0.2046875
11 0.49296875 0.8328125 0.21875 0.2578125
11 0.72890625 0.9 0.2515625 0.2
11 0.89609375 0.43828125 0.2078125 0.2578125
11 0.515625 0.6265625 0.2125 0.259375
11 0.359375 0.55546875 0.2578125 0.2796875
11 0.296875 0.89453125 0.15 0.159375