5 0.828125 0.85703125 0.2203125 0.28125
5 0.79921875 0.78203125 0.19375 0.1875
5 0.7546875 0.6875 0.1515625 0.115625
5 0.72578125 0.63359375 0.140625 0.121875
5 0.70703125 0.559375 0.1453125 0.1578125
5 0.64921875 0.8734375 0.1765625 0.21875
5 0.6171875 0.7578125 0.1453125 0.1515625
5 0.60234375 0.68359375 0.16875 0.1546875
5 0.5703125 0.61640625 0.1515625 0.140625
5 0.5515625 0.51171875 0.1765625 0.15625
5 0.4640625 0.81796875 0.1609375 0.16875
5 0.453125 0.71796875 0.1328125 0.1109375
5 0.45078125 0.67890625 0.1671875 0.1125
5 0.41953125 0.62109375 0.1609375 0.1421875
5 0.41171875 0.5359375 0.18125 0.1625
5 0.3078125 0.81171875 0.1984375 0.2296875
5 0.29296875 0.72109375 0.1875 0.178125
5 0.2953125 0.65625 0.15625 0.128125
5 0.25390625 0.57734375 0.171875 0.153125
5 0.234375 0.509375 0.1609375 0.1421875
5 0.14140625 0.80390625 0.2015625 0.2234375
5 0.121875 0.6828125 0.140625 0.1515625
5 0.10546875 0.621875 0.1609375 0.1484375
5 0.0984375 0.54375 0.159375 0.1453125
5 0.084375 0.48125 0.13125 0.121875