9 0.43671875 0.3578125 0.2234375 0.19765625
9 0.3859375 0.6171875 0.2640625 0.26640625
9 0.59921875 0.53203125 0.1875 0.253125
9 0.63984375 0.32578125 0.17265625 0.21640625
9 0.440625 0.15390625 0.24375 0.15625
9 0.75546875 0.25390625 0.16875 0.18203125
9 0.76015625 0.1328125 0.1703125 0.12734375
9 0.88125 0.171875 0.1859375 0.1578125
9 0.9015625 0.3140625 0.196875 0.20625
9 0.80078125 0.44140625 0.23203125 0.23515625
9 0.9328125 0.47109375 0.134375 0.2515625
9 0.86796875 0.6296875 0.215625 0.22890625
9 0.28671875 0.50078125 0.28671875 0.209375