11 0.3671875 0.23515625 0.1515625 0.18515625
11 0.55703125 0.2359375 0.25234375 0.1640625
11 0.27578125 0.3375 0.1484375 0.15078125
11 0.2265625 0.44296875 0.12734375 0.18984375
11 0.34375 0.4546875 0.1390625 0.15546875
11 0.4546875 0.346875 0.14921875 0.1578125
11 0.55390625 0.35859375 0.18984375 0.1453125
11 0.6578125 0.37265625 0.1140625 0.1609375
11 0.734375 0.33984375 0.11796875 0.17109375
11 0.74765625 0.48671875 0.1328125 0.18828125
11 0.85078125 0.59921875 0.13359375 0.2203125
11 0.7359375 0.6671875 0.16875 0.20703125
11 0.59453125 0.484375 0.203125 0.17265625
11 0.43671875 0.4875 0.1375 0.146875
11 0.171875 0.62421875 0.1609375 0.21015625
11 0.3265625 0.64140625 0.23046875 0.26484375
11 0.490625 0.6546875 0.14140625 0.24296875
11 0.6078125 0.65625 0.14921875 0.18828125
11 0.45390625 0.7765625 0.178125 0.18125
11 0.646875 0.84140625 0.11484375 0.16953125