3 0.57734375 0.4671875 0.1265625 0.20078125
3 0.45078125 0.325 0.078125 0.22890625
3 0.53984375 0.25234375 0.14140625 0.12578125
3 0.678125 0.29609375 0.1359375 0.20078125
3 0.56484375 0.6265625 0.1984375 0.16484375
3 0.42421875 0.5125 0.23515625 0.09765625
3 0.90546875 0.5609375 0.146875 0.2578125
3 0.46640625 0.7578125 0.15234375 0.26796875
3 0.38359375 0.72265625 0.14765625 0.22734375
3 0.61796875 0.80546875 0.21484375 0.14140625
3 0.3203125 0.33515625 0.2046875 0.06875
3 0.3875 0.17421875 0.2125 0.153125
3 0.70859375 0.14609375 0.2296875 0.07734375
3 0.821875 0.240625 0.18359375 0.16640625
3 0.83828125 0.35859375 0.23046875 0.115625
3 0.74453125 0.38203125 0.178125 0.10859375
3 0.6578125 0.45234375 0.23046875 0.09140625
3 0.6890625 0.57890625 0.12109375 0.1046875
3 0.72578125 0.54375 0.14921875 0.10625