9 0.5609375 0.59296875 0.271875 0.4953125
9 0.31171875 0.6296875 0.2859375 0.4265625
9 0.24296875 0.2640625 0.21953125 0.37421875
9 0.43515625 0.24609375 0.26484375 0.34375
9 0.6453125 0.20234375 0.278125 0.390625
9 0.79140625 0.496875 0.22578125 0.54140625
9 0.86875 0.12265625 0.21484375 0.2453125
9 0.9375 0.30390625 0.125 0.3640625
9 0.9296875 0.60546875 0.13984375 0.36328125
9 0.82265625 0.8140625 0.3046875 0.34140625
9 0.62578125 0.88203125 0.2390625 0.2359375
9 0.41640625 0.85234375 0.24765625 0.2703125
9 0.221875 0.87265625 0.2125 0.2546875
9 0.11484375 0.5140625 0.2296875 0.4328125
9 0.0703125 0.82265625 0.140625 0.35390625