7 0.46328125 0.35625 0.171875 0.1625
7 0.475 0.55859375 0.15234375 0.159375
7 0.45703125 0.70546875 0.16953125 0.19453125
7 0.34375 0.775 0.2203125 0.17578125
7 0.18515625 0.86640625 0.17109375 0.2140625
7 0.071875 0.85234375 0.14375 0.18984375
7 0.134375 0.62421875 0.14296875 0.20703125
7 0.25234375 0.446875 0.1265625 0.14140625
7 0.23984375 0.2890625 0.11640625 0.12578125
7 0.6015625 0.25390625 0.13828125 0.12890625
7 0.94609375 0.534375 0.1078125 0.24609375
7 0.86171875 0.92265625 0.165625 0.1546875
7 0.23046875 0.584375 0.16171875 0.18203125