7 0.565625 0.60234375 0.14375 0.19765625
7 0.68359375 0.3875 0.10859375 0.17109375
7 0.615625 0.49609375 0.11328125 0.15546875
7 0.74453125 0.5546875 0.1375 0.21171875
7 0.7953125 0.728125 0.18671875 0.2453125
7 0.66015625 0.7609375 0.1546875 0.246875
7 0.3140625 0.4765625 0.121875 0.17109375
7 0.21796875 0.509375 0.09609375 0.17109375
7 0.44140625 0.396875 0.13984375 0.15546875
7 0.6796875 0.24609375 0.09609375 0.13828125
7 0.88046875 0.32578125 0.10703125 0.18984375
7 0.91640625 0.465625 0.09296875 0.19140625
7 0.83203125 0.440625 0.0890625 0.140625
7 0.84296875 0.5703125 0.1265625 0.159375
7 0.7609375 0.23671875 0.11171875 0.1453125
7 0.74375 0.09453125 0.11796875 0.128125
7 0.42109375 0.6078125 0.13515625 0.2078125
7 0.45859375 0.83203125 0.115625 0.2296875
7 0.53359375 0.9203125 0.11171875 0.15703125