9 0.38359375 0.38671875 0.403125 0.2125
9 0.546875 0.57109375 0.36875 0.2
9 0.33203125 0.671875 0.36875 0.2125
9 0.6671875 0.87421875 0.325 0.2390625
9 0.81484375 0.76328125 0.290625 0.1484375
9 0.875 0.60859375 0.25 0.1515625
9 0.8421875 0.4359375 0.315625 0.1875
9 0.24453125 0.48515625 0.40625 0.24375
9 0.25625 0.2 0.3078125 0.175
9 0.24296875 0.0875 0.2390625 0.1328125
9 0.0890625 0.16796875 0.178125 0.171875
9 0.503125 0.065625 0.2828125 0.13125
9 0.60078125 0.178125 0.290625 0.1734375
9 0.721875 0.2515625 0.18125 0.16875
9 0.6796875 0.40234375 0.1828125 0.18125
9 0.128125 0.903125 0.25625 0.19375
9 0.35625 0.8984375 0.215625 0.1734375