7 0.67265625 0.49140625 0.2140625 0.175
7 0.63203125 0.6 0.1671875 0.1703125
7 0.81796875 0.665625 0.1703125 0.153125
7 0.4234375 0.72890625 0.2453125 0.2125
7 0.309375 0.8828125 0.1984375 0.1953125
7 0.46796875 0.8765625 0.2609375 0.240625
7 0.67421875 0.8203125 0.1734375 0.1640625
7 0.74140625 0.928125 0.2078125 0.14375
7 0.8375 0.83515625 0.1875 0.184375
7 0.4421875 0.534375 0.1328125 0.140625
7 0.35703125 0.4234375 0.1828125 0.16875
7 0.4 0.2359375 0.175 0.153125
7 0.21640625 0.18046875 0.2328125 0.175
7 0.24375 0.3328125 0.159375 0.1578125
7 0.14765625 0.37578125 0.16875 0.140625
7 0.07421875 0.4328125 0.1484375 0.165625
7 0.053125 0.55859375 0.10625 0.1765625
7 0.12578125 0.6078125 0.1578125 0.16875
7 0.234375 0.7296875 0.20625 0.20625
7 0.14375 0.83359375 0.2078125 0.2078125
7 0.25703125 0.56484375 0.15625 0.1453125
7 0.475 0.35234375 0.1875 0.1515625
7 0.5125 0.46328125 0.15625 0.15625
7 0.89375 0.25234375 0.11875 0.125
7 0.8921875 0.15859375 0.1484375 0.1546875