11 0.1734375 0.59453125 0.28203125 0.190625
11 0.3421875 0.6984375 0.26875 0.2125
11 0.55 0.5796875 0.27734375 0.19375
11 0.86640625 0.60703125 0.21171875 0.2140625
11 0.85 0.43671875 0.2140625 0.23984375
11 0.571875 0.25 0.26484375 0.171875
11 0.73359375 0.28671875 0.26015625 0.18046875
11 0.37734375 0.13984375 0.30390625 0.18359375
11 0.11484375 0.28046875 0.2296875 0.1859375
11 0.090625 0.74296875 0.18125 0.13125
11 0.12578125 0.8671875 0.2515625 0.11953125
11 0.3375 0.9203125 0.246875 0.159375