7 0.55390625 0.66640625 0.12734375 0.18203125
7 0.440625 0.6546875 0.1375 0.1328125
7 0.4265625 0.84765625 0.1171875 0.140625
7 0.26796875 0.490625 0.16015625 0.2046875
7 0.09453125 0.421875 0.1546875 0.15859375
7 0.13984375 0.5703125 0.1859375 0.21328125
7 0.2453125 0.75078125 0.12734375 0.14140625
7 0.13828125 0.84765625 0.14609375 0.171875
7 0.27109375 0.909375 0.14609375 0.1515625
7 0.4546875 0.45859375 0.11328125 0.1046875
7 0.5375 0.35078125 0.1296875 0.14921875
7 0.72421875 0.34375 0.11484375 0.14609375
7 0.73125 0.15625 0.12109375 0.203125
7 0.59453125 0.2203125 0.12578125 0.12890625
7 0.5296875 0.140625 0.103125 0.14296875
7 0.45703125 0.0765625 0.134375 0.14140625
7 0.3296875 0.06953125 0.146875 0.1390625
7 0.30625 0.178125 0.1359375 0.121875
7 0.21953125 0.3125 0.1640625 0.16640625
7 0.0984375 0.253125 0.16875 0.16640625
7 0.3796875 0.29140625 0.11171875 0.12734375
7 0.63359375 0.44375 0.109375 0.16015625
7 0.5390625 0.5078125 0.12578125 0.12421875
7 0.834375 0.815625 0.10078125 0.09296875
7 0.921875 0.78984375 0.12578125 0.115625