12 0.38046875 0.31171875 0.18125 0.2109375
12 0.559375 0.19453125 0.1765625 0.2546875
12 0.50078125 0.45703125 0.18125 0.1953125
12 0.4 0.54140625 0.1953125 0.1984375
12 0.28515625 0.59296875 0.146875 0.2
12 0.35859375 0.74921875 0.19375 0.2265625
12 0.47578125 0.68671875 0.165625 0.1953125
12 0.58828125 0.62421875 0.1890625 0.221875
12 0.653125 0.51796875 0.1765625 0.2796875
12 0.134375 0.328125 0.2 0.21875
12 0.12890625 0.496875 0.178125 0.2109375
12 0.09140625 0.69375 0.146875 0.16875
12 0.31953125 0.9203125 0.1640625 0.159375
12 0.45 0.8953125 0.16875 0.209375
12 0.56484375 0.8234375 0.14375 0.2125
12 0.66796875 0.77578125 0.175 0.23125
12 0.75078125 0.66328125 0.1546875 0.2234375
12 0.88984375 0.52578125 0.1578125 0.25
12 0.92265625 0.82265625 0.1546875 0.2015625
12 0.79453125 0.87734375 0.18125 0.1625