11 0.36640625 0.28515625 0.13125 0.2
11 0.325 0.3578125 0.12734375 0.21875
11 0.53125 0.21640625 0.0734375 0.19453125
11 0.61953125 0.27734375 0.15625 0.19296875
11 0.46953125 0.3390625 0.0921875 0.21875
11 0.409375 0.41015625 0.096875 0.15390625
11 0.36640625 0.52890625 0.09765625 0.10625
11 0.3609375 0.69453125 0.1078125 0.24765625
11 0.4375 0.54765625 0.0671875 0.18984375
11 0.52421875 0.4890625 0.11953125 0.13828125
11 0.61015625 0.62265625 0.1984375 0.12109375
11 0.57109375 0.7328125 0.16484375 0.11953125
11 0.44296875 0.77109375 0.10390625 0.18984375
11 0.4828125 0.6484375 0.0796875 0.1234375
11 0.53203125 0.82890625 0.11875 0.17421875
11 0.64140625 0.48828125 0.128125 0.13359375
11 0.596875 0.39140625 0.1078125 0.1234375
11 0.68203125 0.67890625 0.13203125 0.109375
11 0.296875 0.58125 0.1015625 0.18671875