9 0.61640625 0.39140625 0.2046875 0.3859375
9 0.43984375 0.5484375 0.19296875 0.353125
9 0.34375 0.3421875 0.20390625 0.353125
9 0.14921875 0.66328125 0.2296875 0.31171875
9 0.25546875 0.80390625 0.14140625 0.27890625
9 0.40390625 0.87109375 0.1453125 0.2578125
9 0.571875 0.8421875 0.17890625 0.315625
9 0.52265625 0.25859375 0.2328125 0.3890625
9 0.7953125 0.2703125 0.1671875 0.29453125
9 0.903125 0.25703125 0.12734375 0.22890625
9 0.82890625 0.0984375 0.16484375 0.196875
9 0.93046875 0.50625 0.1390625 0.26875
9 0.81640625 0.6 0.16640625 0.27890625
9 0.74609375 0.715625 0.1625 0.17265625
9 0.60078125 0.675 0.17265625 0.17421875
9 0.1203125 0.1375 0.1890625 0.27421875
9 0.12578125 0.365625 0.16640625 0.20546875