11 0.39609375 0.57265625 0.14140625 0.12734375
11 0.3890625 0.3359375 0.146875 0.1375
11 0.56640625 0.35703125 0.1171875 0.15078125
11 0.44921875 0.21484375 0.17734375 0.175
11 0.61796875 0.2375 0.12265625 0.12734375
11 0.515625 0.27578125 0.12265625 0.12578125
11 0.72578125 0.2765625 0.1609375 0.1125
11 0.6828125 0.41328125 0.1328125 0.14609375
11 0.5125 0.4984375 0.18828125 0.12265625
11 0.4921875 0.40625 0.12578125 0.1015625
11 0.42109375 0.446875 0.10859375 0.11875
11 0.26015625 0.42890625 0.12265625 0.09375
11 0.296875 0.32734375 0.1484375 0.1171875
11 0.3015625 0.6609375 0.146875 0.14140625
11 0.48359375 0.67890625 0.1625 0.14296875
11 0.5796875 0.5890625 0.13984375 0.1359375
11 0.66953125 0.6078125 0.09453125 0.16484375
11 0.75 0.54453125 0.1015625 0.12890625
11 0.80390625 0.45078125 0.1484375 0.12578125
11 0.809375 0.58203125 0.13671875 0.1171875
11 0.76875 0.65703125 0.12734375 0.1328125
11 0.60390625 0.7015625 0.134375 0.15078125
11 0.5234375 0.80390625 0.1609375 0.0984375
11 0.409375 0.78203125 0.14296875 0.11171875
11 0.43984375 0.84609375 0.1109375 0.08671875