11 0.234375 0.38828125 0.2203125 0.2234375
11 0.32578125 0.81953125 0.25078125 0.16953125
11 0.428125 0.909375 0.2171875 0.17421875
11 0.55 0.771875 0.25078125 0.146875
11 0.50625 0.65390625 0.2375 0.20703125
11 0.78515625 0.478125 0.2421875 0.29921875
11 0.61953125 0.328125 0.259375 0.21640625
11 0.925 0.26640625 0.15 0.2703125
11 0.303125 0.16953125 0.2984375 0.19765625
11 0.44609375 0.103125 0.16953125 0.2
11 0.171875 0.55625 0.22890625 0.17734375
11 0.1203125 0.80703125 0.22578125 0.21171875
11 0.63828125 0.8890625 0.225 0.19453125
11 0.37890625 0.5390625 0.23046875 0.17109375
11 0.41875 0.37265625 0.24453125 0.21640625
11 0.07421875 0.37578125 0.13671875 0.1265625