11 0.2890625 0.67265625 0.21875 0.1515625
11 0.36796875 0.71015625 0.2390625 0.15
11 0.2046875 0.5046875 0.2078125 0.0921875
11 0.26171875 0.4078125 0.2140625 0.178125
11 0.3375 0.56015625 0.2359375 0.1125
11 0.41640625 0.61875 0.16875 0.1125
11 0.54453125 0.6546875 0.11875 0.1109375
11 0.71875 0.64765625 0.2671875 0.1296875
11 0.55859375 0.57890625 0.2046875 0.084375
11 0.490625 0.49296875 0.153125 0.134375
11 0.625 0.39296875 0.1421875 0.215625
11 0.74296875 0.425 0.1359375 0.1796875
11 0.7921875 0.55703125 0.2078125 0.1234375
11 0.66171875 0.52421875 0.1359375 0.09375
11 0.846875 0.459375 0.190625 0.1375
11 0.48125 0.36953125 0.15 0.14375
11 0.3828125 0.4234375 0.1375 0.121875
11 0.678125 0.31328125 0.125 0.1453125
11 0.60390625 0.7234375 0.203125 0.1203125