5 0.29296875 0.87109375 0.3953125 0.2578125
5 0.16796875 0.70390625 0.3328125 0.2921875
5 0.12890625 0.4546875 0.2578125 0.290625
5 0.19296875 0.14921875 0.3859375 0.2640625
5 0.37578125 0.06796875 0.3921875 0.1359375
5 0.76953125 0.09453125 0.4484375 0.1890625
5 0.6265625 0.25625 0.528125 0.246875
5 0.86015625 0.41015625 0.2796875 0.2671875
5 0.4796875 0.47265625 0.4609375 0.2453125
5 0.56171875 0.66796875 0.4296875 0.2515625
5 0.865625 0.67734375 0.26875 0.3171875
5 0.6859375 0.88671875 0.459375 0.2265625