9 0.61015625 0.21796875 0.2984375 0.240625
9 0.86875 0.196875 0.2359375 0.234375
9 0.86640625 0.39921875 0.2640625 0.1859375
9 0.88203125 0.5609375 0.2296875 0.18125
9 0.89375 0.7265625 0.2125 0.23125
9 0.90625 0.89140625 0.1875 0.1734375
9 0.871875 0.06328125 0.203125 0.1265625
9 0.63125 0.0734375 0.2875 0.146875
9 0.62421875 0.40703125 0.2875 0.190625
9 0.6703125 0.57578125 0.28125 0.2
9 0.66171875 0.76953125 0.28125 0.196875
9 0.6921875 0.93046875 0.240625 0.1296875
9 0.40859375 0.934375 0.2859375 0.13125
9 0.37734375 0.7890625 0.315625 0.2046875
9 0.390625 0.61875 0.29375 0.240625
9 0.34140625 0.44921875 0.2859375 0.2109375
9 0.32890625 0.246875 0.3515625 0.2296875
9 0.3796875 0.078125 0.259375 0.15625
9 0.12421875 0.0984375 0.2484375 0.1625
9 0.1078125 0.253125 0.215625 0.196875
9 0.11484375 0.45078125 0.2296875 0.2046875
9 0.140625 0.64609375 0.2765625 0.2359375
9 0.13828125 0.825 0.246875 0.2203125
9 0.1484375 0.95 0.240625 0.1