9 0.44453125 0.65859375 0.1375 0.2125
9 0.6109375 0.715625 0.13671875 0.24296875
9 0.3328125 0.69375 0.16875 0.1765625
9 0.16171875 0.5953125 0.20546875 0.21953125
9 0.1265625 0.39296875 0.1359375 0.23125
9 0.2984375 0.47265625 0.13515625 0.20546875
9 0.39296875 0.38359375 0.11953125 0.1921875
9 0.23125 0.33828125 0.121875 0.21953125
9 0.08984375 0.821875 0.14296875 0.2125
9 0.2734375 0.8578125 0.134375 0.2265625
9 0.43359375 0.85390625 0.15859375 0.26015625
9 0.434375 0.15546875 0.1375 0.175
9 0.52890625 0.2390625 0.1234375 0.20390625
9 0.634375 0.11875 0.12890625 0.1703125
9 0.64140625 0.38515625 0.12578125 0.1921875
9 0.7203125 0.8453125 0.146875 0.21640625
9 0.9 0.77890625 0.128125 0.21953125
9 0.87734375 0.36015625 0.12265625 0.19375