3 0.43984375 0.2796875 0.07734375 0.415625
3 0.25625 0.384375 0.04609375 0.23125
3 0.24609375 0.22109375 0.2625 0.24609375
3 0.23125 0.1109375 0.2390625 0.16953125
3 0.69140625 0.10390625 0.225 0.1640625
3 0.57109375 0.11328125 0.121875 0.1625
3 0.49765625 0.1234375 0.1359375 0.22421875
3 0.090625 0.43828125 0.14140625 0.10625
3 0.14609375 0.4640625 0.1140625 0.18515625
3 0.16484375 0.51953125 0.0890625 0.15078125
3 0.29140625 0.50625 0.0546875 0.14921875
3 0.3484375 0.43671875 0.075 0.1421875
3 0.71015625 0.23828125 0.1828125 0.1421875
3 0.85078125 0.85625 0.1515625 0.15390625
3 0.7328125 0.78046875 0.08359375 0.0703125