11 0.5828125 0.59921875 0.1375 0.1515625
11 0.34453125 0.62265625 0.1484375 0.1578125
11 0.353125 0.44296875 0.1609375 0.1296875
11 0.2171875 0.5703125 0.190625 0.1921875
11 0.228125 0.4 0.1359375 0.134375
11 0.27421875 0.5 0.1359375 0.134375
11 0.26015625 0.28828125 0.125 0.1703125
11 0.4015625 0.321875 0.1578125 0.14375
11 0.5 0.4875 0.1375 0.1984375
11 0.40859375 0.5140625 0.1109375 0.1328125
11 0.45390625 0.5828125 0.128125 0.1171875
11 0.44765625 0.74609375 0.103125 0.13125
11 0.3421875 0.71640625 0.1296875 0.1578125
11 0.67890625 0.68828125 0.153125 0.1578125
11 0.684375 0.50390625 0.15625 0.1734375
11 0.58671875 0.41328125 0.146875 0.15
11 0.5984375 0.321875 0.1734375 0.10625
11 0.5296875 0.2453125 0.1375 0.1125
11 0.43125 0.19765625 0.1375 0.1578125
11 0.5640625 0.1828125 0.128125 0.1453125
11 0.64140625 0.21796875 0.14375 0.1375
11 0.6984375 0.38125 0.1625 0.1453125
11 0.80859375 0.4546875 0.1109375 0.16875
11 0.79375 0.57109375 0.121875 0.1515625
11 0.85625 0.5359375 0.0953125 0.11875