7 0.26171875 0.3796875 0.225 0.1921875
7 0.340625 0.70859375 0.2765625 0.24921875
7 0.47890625 0.6265625 0.2234375 0.309375
7 0.57890625 0.5265625 0.25234375 0.30234375
7 0.46484375 0.371875 0.2578125 0.21328125
7 0.80546875 0.46171875 0.3125 0.2640625
7 0.578125 0.8734375 0.19375 0.24375
7 0.25 0.8375 0.33671875 0.325
7 0.2078125 0.51640625 0.209375 0.278125
7 0.640625 0.29609375 0.1921875 0.19921875
7 0.58359375 0.1828125 0.2125 0.228125
7 0.70859375 0.1546875 0.16640625 0.16953125
7 0.88046875 0.10234375 0.21796875 0.17890625
7 0.9046875 0.84453125 0.18984375 0.2296875
7 0.8 0.78984375 0.24375 0.275