9 0.3625 0.53515625 0.25 0.2703125
9 0.62109375 0.63984375 0.3296875 0.3265625
9 0.57578125 0.40234375 0.3 0.24375
9 0.3703125 0.31875 0.2578125 0.221875
9 0.15234375 0.490625 0.2109375 0.2828125
9 0.31953125 0.184375 0.221875 0.2109375
9 0.19453125 0.15546875 0.165625 0.2015625
9 0.25625 0.07578125 0.196875 0.1515625
9 0.4078125 0.08359375 0.246875 0.1671875
9 0.521875 0.175 0.2890625 0.2859375
9 0.57421875 0.06953125 0.2765625 0.1390625
9 0.72890625 0.14921875 0.2765625 0.265625
9 0.48046875 0.71796875 0.2734375 0.3375