5 0.48515625 0.434375 0.371875 0.4734375
5 0.571875 0.6375 0.340625 0.325
5 0.72265625 0.79921875 0.2890625 0.3140625
5 0.75703125 0.52421875 0.33125 0.325
5 0.6546875 0.284375 0.303125 0.35
5 0.403125 0.175 0.321875 0.3109375
5 0.2015625 0.38125 0.325 0.346875
5 0.14140625 0.565625 0.2828125 0.33125
5 0.234375 0.8859375 0.309375 0.228125
5 0.4 0.7703125 0.3515625 0.3671875
5 0.06171875 0.25703125 0.1234375 0.3484375
5 0.79140625 0.190625 0.2609375 0.3390625
5 0.9078125 0.39609375 0.184375 0.3015625
5 0.90546875 0.66875 0.1890625 0.275
5 0.90546875 0.803125 0.1890625 0.2625