11 0.38984375 0.76484375 0.1125 0.1515625
11 0.40703125 0.49140625 0.140625 0.184375
11 0.33359375 0.3109375 0.10625 0.15625
11 0.43203125 0.18203125 0.121875 0.2234375
11 0.45546875 0.37578125 0.1078125 0.1515625
11 0.61171875 0.625 0.115625 0.2265625
11 0.5359375 0.6546875 0.096875 0.1953125
11 0.48515625 0.75078125 0.103125 0.1828125
11 0.30859375 0.6625 0.1 0.1640625
11 0.30546875 0.5515625 0.1140625 0.1328125
11 0.38125 0.65625 0.0984375 0.153125
11 0.45625 0.6203125 0.090625 0.1296875
11 0.5078125 0.50859375 0.1125 0.178125
11 0.6 0.53203125 0.1109375 0.1140625
11 0.634375 0.4125 0.109375 0.2203125
11 0.5640625 0.375 0.121875 0.18125
11 0.5171875 0.265625 0.1265625 0.209375
11 0.33046875 0.41328125 0.109375 0.1515625