5 0.165625 0.421875 0.153125 0.10625
5 0.2625 0.45703125 0.15234375 0.15234375
5 0.34140625 0.50859375 0.14375 0.18515625
5 0.434375 0.52421875 0.1171875 0.16484375
5 0.55234375 0.5484375 0.125 0.153125
5 0.66875 0.59921875 0.14453125 0.175
5 0.2390625 0.375 0.07421875 0.0671875
5 0.3171875 0.3875 0.05703125 0.053125
5 0.4265625 0.43046875 0.11875 0.0875
5 0.503125 0.44453125 0.07734375 0.071875
5 0.625 0.4796875 0.12890625 0.09921875
5 0.72265625 0.51015625 0.140625 0.12890625
5 0.328125 0.35078125 0.140625 0.0875
5 0.39609375 0.3703125 0.090625 0.07890625
5 0.4796875 0.3890625 0.0875 0.0671875
5 0.57890625 0.41484375 0.09765625 0.0703125
5 0.6625 0.44375 0.1 0.090625
5 0.78515625 0.465625 0.1015625 0.09296875
5 0.3875 0.315625 0.09453125 0.065625
5 0.46328125 0.3421875 0.11171875 0.0734375
5 0.5640625 0.36328125 0.09921875 0.06171875
5 0.6421875 0.36953125 0.10625 0.06015625
5 0.74296875 0.41015625 0.12890625 0.0890625
5 0.84453125 0.42109375 0.10859375 0.07578125
5 0.44765625 0.2890625 0.1046875 0.07890625
5 0.525 0.3046875 0.09453125 0.08203125
5 0.59296875 0.3109375 0.1078125 0.06875
5 0.6796875 0.340625 0.10859375 0.0671875
5 0.78515625 0.365625 0.11328125 0.06328125
5 0.89375 0.39609375 0.13046875 0.0875