3 0.3390625 0.10390625 0.175 0.06875
3 0.2390625 0.09375 0.159375 0.07421875
3 0.58671875 0.12734375 0.159375 0.06875
3 0.52890625 0.19453125 0.11328125 0.0796875
3 0.38984375 0.22578125 0.12890625 0.084375
3 0.2953125 0.24609375 0.13125 0.13125
3 0.690625 0.2109375 0.11796875 0.1046875
3 0.7921875 0.165625 0.15546875 0.11015625
3 0.8140625 0.365625 0.12421875 0.07109375
3 0.2765625 0.39375 0.09375 0.07421875
3 0.16484375 0.40390625 0.10234375 0.05390625
3 0.38671875 0.46953125 0.0875 0.0640625
3 0.55546875 0.4984375 0.109375 0.0828125
3 0.528125 0.4375 0.11171875 0.0609375
3 0.46328125 0.375 0.12265625 0.0640625
3 0.3640625 0.60546875 0.11171875 0.0578125