12 0.3671875 0.41640625 0.0984375 0.18984375
12 0.44140625 0.3765625 0.08984375 0.215625
12 0.3203125 0.196875 0.0828125 0.14453125
12 0.1859375 0.38984375 0.10859375 0.17265625
12 0.11015625 0.2953125 0.07265625 0.14453125
12 0.28359375 0.6421875 0.1078125 0.21171875
12 0.528125 0.80625 0.0859375 0.18046875
12 0.6015625 0.634375 0.07265625 0.15703125
12 0.71640625 0.49140625 0.0765625 0.19453125
12 0.69296875 0.61953125 0.07890625 0.1296875
12 0.665625 0.7296875 0.065625 0.115625
12 0.48828125 0.05078125 0.08515625 0.1015625