12 0.21640625 0.440625 0.16953125 0.16875
12 0.190625 0.55546875 0.10390625 0.146875
12 0.1859375 0.68828125 0.10078125 0.13203125
12 0.240625 0.79375 0.084375 0.1640625
12 0.378125 0.7515625 0.13671875 0.15546875
12 0.40546875 0.62265625 0.1046875 0.15234375
12 0.44609375 0.48125 0.13046875 0.15078125
12 0.30234375 0.27421875 0.09140625 0.1671875
12 0.44453125 0.275 0.11484375 0.20625
12 0.3703125 0.12265625 0.10859375 0.1703125
12 0.559375 0.27734375 0.1125 0.16875
12 0.66796875 0.30859375 0.07109375 0.15
12 0.7140625 0.43671875 0.11171875 0.21640625
12 0.628125 0.5828125 0.11953125 0.2125
12 0.634375 0.77578125 0.09765625 0.17734375
12 0.7796875 0.87578125 0.08984375 0.17890625
12 0.90078125 0.6984375 0.0671875 0.1671875
12 0.9515625 0.77265625 0.09609375 0.2453125
12 0.9046875 0.90390625 0.09375 0.16875
12 0.9578125 0.9265625 0.084375 0.146875
12 0.78984375 0.52578125 0.09140625 0.15390625
12 0.75390625 0.29921875 0.109375 0.1484375