11 0.3984375 0.69453125 0.29375 0.225
11 0.59453125 0.721875 0.2390625 0.259375
11 0.4046875 0.85859375 0.321875 0.2828125
11 0.30390625 0.91015625 0.19375 0.1625
11 0.778125 0.759375 0.265625 0.2546875
11 0.70703125 0.575 0.2671875 0.2578125
11 0.86953125 0.509375 0.246875 0.2296875
11 0.703125 0.4421875 0.209375 0.1609375
11 0.5046875 0.53359375 0.2359375 0.225
11 0.37265625 0.5421875 0.1671875 0.15625
11 0.234375 0.5765625 0.24375 0.1734375
11 0.1515625 0.6578125 0.1828125 0.140625
11 0.44453125 0.4171875 0.209375 0.1546875
11 0.7015625 0.33671875 0.1875 0.140625
11 0.57578125 0.38046875 0.1796875 0.11875
11 0.2359375 0.4859375 0.1359375 0.0984375