11 0.4265625 0.20546875 0.184375 0.215625
11 0.62265625 0.234375 0.2875 0.2078125
11 0.31640625 0.2984375 0.1765625 0.1796875
11 0.24921875 0.40078125 0.1609375 0.2171875
11 0.36953125 0.43046875 0.1671875 0.18125
11 0.50078125 0.334375 0.178125 0.1859375
11 0.6015625 0.3609375 0.21875 0.1796875
11 0.7078125 0.39140625 0.140625 0.184375
11 0.7921875 0.36796875 0.146875 0.1953125
11 0.784375 0.5234375 0.1671875 0.215625
11 0.875 0.65546875 0.171875 0.2484375
11 0.74609375 0.70859375 0.2046875 0.240625
11 0.625 0.4984375 0.2359375 0.209375
11 0.46015625 0.478125 0.1640625 0.171875
11 0.165625 0.58125 0.1984375 0.24375
11 0.32421875 0.62265625 0.278125 0.309375
11 0.49296875 0.6609375 0.1828125 0.275
11 0.61328125 0.67890625 0.1828125 0.21875
11 0.4359375 0.78203125 0.2125 0.215625
11 0.62734375 0.87734375 0.14375 0.19375