11 0.425 0.61171875 0.24140625 0.20078125
11 0.409375 0.4421875 0.17578125 0.16015625
11 0.609375 0.34765625 0.15546875 0.23515625
11 0.5015625 0.29921875 0.16171875 0.1515625
11 0.36484375 0.27109375 0.190625 0.21328125
11 0.2171875 0.2078125 0.21328125 0.1921875
11 0.25546875 0.425 0.17265625 0.2375
11 0.1125 0.5 0.171875 0.18046875
11 0.2578125 0.7109375 0.146875 0.33359375
11 0.12734375 0.778125 0.1578125 0.2421875
11 0.38671875 0.8875 0.1765625 0.2203125
11 0.628125 0.85234375 0.20234375 0.2578125
11 0.4546875 0.7578125 0.18046875 0.1578125
11 0.51953125 0.896875 0.1390625 0.20625
11 0.64453125 0.5015625 0.19296875 0.184375
11 0.703125 0.64140625 0.16171875 0.21796875
11 0.58671875 0.65078125 0.16484375 0.184375
11 0.77578125 0.74375 0.21953125 0.225
11 0.87421875 0.71875 0.21640625 0.26953125
11 0.8375 0.48671875 0.225 0.20078125
11 0.765625 0.334375 0.15 0.1875
11 0.56640625 0.1640625 0.1890625 0.184375
11 0.82109375 0.22734375 0.1640625 0.19296875
11 0.7171875 0.11796875 0.115625 0.14765625
11 0.37734375 0.10703125 0.20234375 0.1515625
11 0.10703125 0.25390625 0.1859375 0.21015625
11 0.18125 0.3671875 0.11796875 0.14453125
11 0.2390625 0.90625 0.178125 0.16015625
11 0.82578125 0.9125 0.28515625 0.175