9 0.3890625 0.70859375 0.1828125 0.271875
9 0.2296875 0.6546875 0.16875 0.29296875
9 0.2828125 0.8703125 0.225 0.25859375
9 0.10546875 0.76171875 0.21015625 0.27734375
9 0.51484375 0.84921875 0.20078125 0.1796875
9 0.6015625 0.884375 0.1375 0.16953125
9 0.79921875 0.82421875 0.1671875 0.2734375
9 0.828125 0.56015625 0.1453125 0.24296875
9 0.73203125 0.33828125 0.1546875 0.2515625
9 0.39609375 0.28203125 0.15 0.15234375
9 0.65703125 0.54609375 0.17109375 0.22109375
9 0.20234375 0.24453125 0.23046875 0.29296875
9 0.23671875 0.4921875 0.140625 0.13125
9 0.075 0.57578125 0.1484375 0.20546875
9 0.08203125 0.365625 0.14375 0.196875
9 0.80234375 0.1859375 0.1578125 0.16796875