5 0.43125 0.50078125 0.415625 0.28828125
5 0.64453125 0.45859375 0.26640625 0.28828125
5 0.83203125 0.3453125 0.26640625 0.2359375
5 0.57421875 0.25546875 0.26796875 0.2796875
5 0.32109375 0.30546875 0.3015625 0.24375
5 0.1640625 0.5265625 0.25546875 0.27109375
5 0.321875 0.76484375 0.29375 0.26640625
5 0.48671875 0.86875 0.2828125 0.2421875
5 0.8640625 0.846875 0.271875 0.25625
5 0.73828125 0.653125 0.3078125 0.29140625
5 0.16171875 0.921875 0.3234375 0.15625
5 0.25859375 0.15390625 0.2984375 0.2
5 0.4828125 0.078125 0.27421875 0.1390625
5 0.75 0.11015625 0.234375 0.20546875
5 0.8875 0.13828125 0.225 0.21875