11 0.24921875 0.3640625 0.13125 0.09453125
11 0.49296875 0.39375 0.159375 0.11796875
11 0.6578125 0.33515625 0.13515625 0.0890625
11 0.76796875 0.4296875 0.19453125 0.1
11 0.59453125 0.4421875 0.13125 0.08984375
11 0.3640625 0.57109375 0.19921875 0.09453125
11 0.340625 0.5015625 0.1703125 0.07890625
11 0.25703125 0.45078125 0.159375 0.084375
11 0.34453125 0.29609375 0.1421875 0.0828125
11 0.44375 0.29921875 0.11328125 0.09765625
11 0.34609375 0.3625 0.13359375 0.08125
11 0.375 0.43125 0.11171875 0.07734375
11 0.4734375 0.4828125 0.15546875 0.09296875
11 0.446875 0.56484375 0.0984375 0.09453125
11 0.553125 0.6015625 0.1921875 0.0890625
11 0.58984375 0.53984375 0.15703125 0.1015625
11 0.68984375 0.503125 0.18125 0.1046875
11 0.56640625 0.328125 0.13125 0.09140625