2 0.190625 0.6453125 0.19140625 0.265625
2 0.2875 0.79609375 0.1671875 0.275
2 0.04765625 0.71015625 0.0953125 0.2671875
2 0.07265625 0.3109375 0.1453125 0.2015625
2 0.378125 0.56875 0.18125 0.22890625
2 0.43203125 0.7109375 0.14296875 0.1796875
2 0.61171875 0.69765625 0.18671875 0.24453125
2 0.53359375 0.91171875 0.20859375 0.17578125
2 0.78203125 0.77734375 0.12265625 0.19140625
2 0.6953125 0.89296875 0.125 0.17265625
2 0.83046875 0.5875 0.15703125 0.234375
2 0.53984375 0.521875 0.19609375 0.20703125
2 0.4265625 0.375 0.14375 0.17578125
2 0.23671875 0.284375 0.1234375 0.2015625
2 0.54453125 0.30234375 0.1453125 0.196875
2 0.68984375 0.27578125 0.109375 0.10625
2 0.6390625 0.45703125 0.09921875 0.140625
2 0.2421875 0.125 0.13046875 0.14375
2 0.3921875 0.1828125 0.15234375 0.1984375
2 0.4828125 0.1203125 0.13515625 0.15703125
2 0.73515625 0.234375 0.11953125 0.15234375
2 0.79921875 0.35234375 0.10546875 0.1125
2 0.9375 0.25625 0.096875 0.146875
2 0.80390625 0.10234375 0.14296875 0.13515625
2 0.95703125 0.50703125 0.08515625 0.1453125