7 0.2546875 0.409375 0.246875 0.215625
7 0.3640625 0.73671875 0.3046875 0.2796875
7 0.49765625 0.64140625 0.2546875 0.334375
7 0.590625 0.53125 0.284375 0.33125
7 0.46015625 0.38359375 0.2828125 0.240625
7 0.815625 0.44375 0.340625 0.2953125
7 0.61640625 0.875 0.215625 0.2484375
7 0.2796875 0.84609375 0.371875 0.3078125
7 0.21171875 0.553125 0.2375 0.3015625
7 0.6328125 0.290625 0.2140625 0.21875
7 0.56484375 0.1796875 0.2359375 0.2515625
7 0.6890625 0.140625 0.184375 0.1859375
7 0.8546875 0.0859375 0.234375 0.171875
7 0.92109375 0.82265625 0.1578125 0.2453125
7 0.8390625 0.7796875 0.2734375 0.3015625