2 0.39453125 0.428125 0.10859375 0.278125
2 0.27890625 0.41328125 0.1296875 0.22109375
2 0.16640625 0.4125 0.10078125 0.29765625
2 0.0640625 0.390625 0.12734375 0.2734375
2 0.51015625 0.409375 0.1265625 0.26640625
2 0.61171875 0.4015625 0.1109375 0.18828125
2 0.7328125 0.3609375 0.1546875 0.18828125
2 0.86484375 0.38515625 0.13359375 0.240625
2 0.9234375 0.14140625 0.10234375 0.22421875
2 0.746875 0.11640625 0.1375 0.2328125
2 0.65546875 0.14375 0.09921875 0.20625
2 0.5640625 0.18671875 0.10625 0.21796875
2 0.4671875 0.15390625 0.121875 0.209375
2 0.33984375 0.17890625 0.13359375 0.2890625
2 0.22109375 0.17578125 0.13515625 0.240625
2 0.14453125 0.109375 0.134375 0.20625
2 0.03203125 0.13984375 0.0640625 0.2796875