2 0.15703125 0.59375 0.25 0.3078125
2 0.221875 0.76640625 0.2265625 0.3109375
2 0.0375 0.6265625 0.075 0.2875
2 0.11640625 0.23046875 0.178125 0.23125
2 0.3625 0.55703125 0.23125 0.2671875
2 0.38515625 0.71171875 0.18125 0.2109375
2 0.56875 0.73671875 0.2390625 0.2859375
2 0.446875 0.91015625 0.240625 0.1796875
2 0.72265625 0.853125 0.1625 0.21875
2 0.609375 0.92265625 0.1625 0.1546875
2 0.8125 0.67265625 0.2078125 0.26875
2 0.534375 0.54453125 0.240625 0.25
2 0.4515625 0.3734375 0.18125 0.2078125
2 0.28125 0.24140625 0.1671875 0.228125
2 0.5859375 0.325 0.1890625 0.2296875
2 0.7375 0.32890625 0.1328125 0.1296875
2 0.64765625 0.50078125 0.13125 0.1625
2 0.3203125 0.084375 0.1625 0.16875
2 0.4578125 0.171875 0.1953125 0.23125
2 0.56328125 0.128125 0.1671875 0.1859375
2 0.7921875 0.296875 0.1515625 0.178125
2 0.83046875 0.4296875 0.1296875 0.1359375
2 0.96171875 0.3578125 0.0765625 0.16875
2 0.8890625 0.17890625 0.171875 0.1671875
2 0.94765625 0.61484375 0.1046875 0.1640625