3 0.9375 0.4203125 0.10625 0.190625
3 0.9578125 0.32265625 0.084375 0.1765625
3 0.86171875 0.665625 0.103125 0.175
3 0.80703125 0.59296875 0.103125 0.13125
3 0.80546875 0.446875 0.1125 0.1484375
3 0.8046875 0.346875 0.159375 0.159375
3 0.75546875 0.7515625 0.13125 0.1421875
3 0.77890625 0.86328125 0.14375 0.1796875
3 0.5734375 0.84296875 0.0984375 0.140625
3 0.6609375 0.29609375 0.09375 0.1109375
3 0.67421875 0.1828125 0.0765625 0.115625
3 0.5609375 0.39140625 0.0828125 0.1015625
3 0.49609375 0.5546875 0.10625 0.128125
3 0.5625 0.53984375 0.0859375 0.1265625
3 0.6390625 0.48828125 0.090625 0.1359375
3 0.4296875 0.3390625 0.0828125 0.125