7 0.5640625 0.603125 0.146875 0.2
7 0.68515625 0.390625 0.1125 0.1734375
7 0.615625 0.4984375 0.115625 0.1578125
7 0.74375 0.55859375 0.140625 0.215625
7 0.79140625 0.73359375 0.1921875 0.2484375
7 0.65546875 0.7640625 0.159375 0.25
7 0.31484375 0.4734375 0.125 0.1734375
7 0.21796875 0.5046875 0.1 0.1734375
7 0.44296875 0.39609375 0.14375 0.159375
7 0.684375 0.24921875 0.1 0.1390625
7 0.88359375 0.3328125 0.109375 0.1921875
7 0.9171875 0.47265625 0.096875 0.1921875
7 0.8328125 0.44609375 0.0921875 0.1421875
7 0.84140625 0.5765625 0.1296875 0.1609375
7 0.765625 0.24140625 0.115625 0.146875
7 0.75078125 0.09921875 0.1203125 0.1296875
7 0.41953125 0.60625 0.1375 0.209375
7 0.453125 0.83125 0.1203125 0.23125
7 0.5265625 0.92109375 0.115625 0.1578125