3 0.646875 0.8328125 0.0765625 0.14921875
3 0.5265625 0.9265625 0.1453125 0.1421875
3 0.44609375 0.48984375 0.11171875 0.128125
3 0.26953125 0.33515625 0.09375 0.10390625
3 0.45 0.26875 0.1078125 0.14921875
3 0.2875 0.77890625 0.08359375 0.15390625
3 0.29609375 0.89609375 0.0890625 0.09765625
3 0.43515625 0.6671875 0.09375 0.0921875
3 0.221875 0.54453125 0.11171875 0.125
3 0.1671875 0.35625 0.06640625 0.10078125
3 0.4921875 0.16875 0.13046875 0.13125
3 0.5921875 0.1734375 0.084375 0.121875
3 0.57421875 0.51328125 0.103125 0.184375
3 0.615625 0.596875 0.07109375 0.11484375