9 0.35390625 0.684375 0.2421875 0.3125
9 0.20546875 0.59609375 0.23125 0.33125
9 0.2109375 0.8171875 0.2796875 0.3015625
9 0.0953125 0.671875 0.190625 0.325
9 0.45 0.853125 0.240625 0.2234375
9 0.52890625 0.903125 0.1734375 0.19375
9 0.73984375 0.86640625 0.2265625 0.2671875
9 0.82578125 0.6296875 0.1984375 0.275
9 0.77734375 0.38671875 0.209375 0.2875
9 0.4515625 0.25703125 0.1828125 0.184375
9 0.65703125 0.5796875 0.21875 0.259375
9 0.265625 0.17890625 0.2953125 0.34375
9 0.246875 0.4359375 0.16875 0.1609375
9 0.08203125 0.48203125 0.1640625 0.2390625
9 0.11875 0.275 0.1859375 0.2296875
9 0.88046875 0.24765625 0.1953125 0.2015625