9 0.7203125 0.5453125 0.2640625 0.2
9 0.740625 0.3515625 0.2953125 0.20625
9 0.78671875 0.65703125 0.2328125 0.225
9 0.7203125 0.85546875 0.284375 0.2578125
9 0.509375 0.9265625 0.278125 0.146875
9 0.55546875 0.74765625 0.25625 0.1953125
9 0.4359375 0.66875 0.2359375 0.175
9 0.42734375 0.8546875 0.2671875 0.1859375
9 0.9234375 0.8546875 0.153125 0.146875
9 0.91640625 0.68515625 0.1671875 0.1890625
9 0.8859375 0.515625 0.228125 0.221875
9 0.1796875 0.68046875 0.2234375 0.190625
9 0.246875 0.55859375 0.25 0.184375
9 0.0984375 0.475 0.196875 0.18125
9 0.37578125 0.40078125 0.2375 0.18125
9 0.83671875 0.20703125 0.24375 0.20625
9 0.7375 0.0609375 0.26875 0.121875
9 0.28984375 0.15390625 0.240625 0.1796875