9 0.2390625 0.36640625 0.2125 0.2734375
9 0.23828125 0.11640625 0.20859375 0.22421875
9 0.4296875 0.13359375 0.1625 0.24453125
9 0.5859375 0.1296875 0.1578125 0.21015625
9 0.75 0.11328125 0.20546875 0.22578125
9 0.91640625 0.10703125 0.1671875 0.2140625
9 0.08203125 0.0984375 0.16328125 0.196875
9 0.08203125 0.3359375 0.16328125 0.26796875
9 0.42109375 0.365625 0.16484375 0.265625
9 0.5859375 0.33359375 0.17421875 0.25859375
9 0.77109375 0.35546875 0.1703125 0.25859375
9 0.93671875 0.3375 0.1265625 0.22265625
9 0.92890625 0.609375 0.1421875 0.26796875
9 0.7703125 0.628125 0.17578125 0.290625
9 0.60859375 0.6046875 0.2125 0.26875
9 0.44296875 0.640625 0.184375 0.26328125
9 0.2484375 0.6390625 0.1984375 0.3234375
9 0.078125 0.58203125 0.15625 0.2390625
9 0.08125 0.85625 0.1625 0.28671875
9 0.24296875 0.87890625 0.175 0.2421875
9 0.4328125 0.878125 0.18203125 0.24375
9 0.61796875 0.86015625 0.2109375 0.2796875
9 0.790625 0.875 0.1953125 0.24921875
9 0.934375 0.871875 0.13125 0.24609375