3 0.71640625 0.42890625 0.4265625 0.1078125
3 0.59765625 0.2515625 0.2375 0.0625
3 0.76328125 0.2296875 0.2671875 0.2828125
3 0.8734375 0.2078125 0.1890625 0.253125
3 0.9109375 0.67109375 0.178125 0.2390625
3 0.8953125 0.55 0.1734375 0.134375
3 0.87890625 0.4765625 0.2375 0.153125
3 0.53046875 0.0890625 0.1171875 0.1515625
3 0.509375 0.14609375 0.1953125 0.128125
3 0.45390625 0.16953125 0.159375 0.1015625
3 0.4765625 0.2953125 0.15625 0.0671875
3 0.5515625 0.3484375 0.1484375 0.084375
3 0.778125 0.69921875 0.15625 0.1953125
3 0.1609375 0.884375 0.1671875 0.1640625
3 0.2296875 0.76015625 0.078125 0.0890625