5 0.80625 0.7625 0.17421875 0.234375
5 0.771875 0.69921875 0.15859375 0.15078125
5 0.721875 0.61875 0.128125 0.090625
5 0.6890625 0.5734375 0.115625 0.09765625
5 0.66328125 0.50859375 0.1171875 0.1296875
5 0.64609375 0.796875 0.1390625 0.1828125
5 0.6046875 0.696875 0.11796875 0.1234375
5 0.5828125 0.63203125 0.1390625 0.125
5 0.546875 0.57578125 0.125 0.11328125
5 0.51796875 0.48359375 0.14609375 0.125
5 0.47265625 0.76875 0.13125 0.13984375
5 0.4515625 0.67890625 0.1109375 0.0875
5 0.4453125 0.64453125 0.1421875 0.08515625
5 0.4109375 0.59609375 0.134375 0.11328125
5 0.39375 0.5203125 0.15 0.1296875
5 0.33046875 0.7796875 0.159375 0.18828125
5 0.30703125 0.7 0.15390625 0.14375
5 0.30234375 0.64140625 0.1296875 0.10078125
5 0.25625 0.57578125 0.14140625 0.121875
5 0.23125 0.51640625 0.1328125 0.1125
5 0.1796875 0.790625 0.1625 0.184375
5 0.1484375 0.684375 0.1140625 0.1234375
5 0.12734375 0.63125 0.13203125 0.11796875
5 0.1125 0.5625 0.13203125 0.11484375
5 0.09296875 0.5078125 0.10859375 0.09765625