12 0.4875 0.73671875 0.3515625 0.3078125
12 0.38125 0.51015625 0.3421875 0.3
12 0.7703125 0.4859375 0.35625 0.2875
12 0.821875 0.7328125 0.3359375 0.28125
12 0.70625 0.90625 0.359375 0.1875
12 0.1984375 0.33203125 0.328125 0.2875
12 0.3640625 0.15078125 0.41875 0.29375
12 0.67890625 0.234375 0.396875 0.2734375
12 0.91640625 0.24140625 0.1671875 0.2828125
12 0.94140625 0.46953125 0.1171875 0.2515625
12 0.27890625 0.73515625 0.23125 0.2359375
12 0.09765625 0.68828125 0.1953125 0.2421875
12 0.1203125 0.46875 0.240625 0.19375
12 0.18046875 0.88828125 0.265625 0.1859375
12 0.42890625 0.9140625 0.2765625 0.171875